% risk_exp2_subject_02

d1 = [2	1	1	1	0.8	5.8548	8	1.8	2.198	0.9	20	1	0.858	8
2	1	2	1	0.8	5.4714	8	1	2.628	0.9	11	1	0.63904	8
2	1	3	1	0.8	0.57818	8	2.2	2.9131	0.9	24	1	0.71923	8
2	1	4	1	0.8	2.5588	8	1	0.58876	0.9	11	1	0.60601	8
2	1	5	1	0.8	5.4105	8	1.4	2.1187	0.9	15	1	0.67808	8
2	1	6	1	0.8	2.178	8	3	4.0679	0.9	33	1	0.41379	8
2	1	7	1	0.8	1.1009	8	3	3.6879	0.9	33	1	0.59859	8
2	1	8	1	0.8	3.3969	8	1.8	5.1824	0.9	20	1	0.64625	8
2	1	9	1	0.8	3.7298	8	1.8	5.5546	0.9	20	1	0.65513	8
2	1	10	1	0.8	3.0232	8	1.4	1.0466	0.9	15	1	0.67647	8
2	1	11	1	0.8	2.4578	8	2.2	4.3411	0.9	24	1	0.40715	8
2	1	12	1	0.8	4.4324	8	1.8	1.1206	0.9	20	1	0.56727	8
2	1	13	1	0.8	5.7793	8	1	1.5624	0.9	11	1	0.32645	8
2	1	14	1	0.8	3.3384	8	1	5.1405	0.9	11	1	0.58107	8
2	1	15	1	0.8	1.5742	8	3	4.6995	0.9	33	1	0.40517	8
2	1	16	1	0.8	4.2304	8	2.6	0.62111	0.9	28	1	0.37475	8
2	1	17	1	0.8	2.3999	8	2.6	4.4791	0.9	28	1	0.28584	8
2	1	18	1	0.8	5.4759	8	2.6	2.4751	0.9	28	1	0.35841	8
2	1	19	1	0.8	2.3423	8	2.2	5.1794	0.9	24	1	0.33401	8
2	1	20	1	0.8	4.1228	8	1.4	0.77864	0.9	15	1	1.0556	0
2	1	21	1	0.8	3.1221	8	2.2	5.6938	0.9	24	1	0.31097	8
2	1	22	1	0.8	4.9301	8	3	1.0814	0.9	33	1	0.63051	8
2	1	23	1	0.8	4.3726	8	2.6	2.7765	0.9	28	1	0.40675	8
2	1	24	1	0.8	2.9605	8	1.4	4.7138	0.9	15	2	0.58393	15
2	1	25	1	0.8	3.2534	8	3	1.2417	0.9	33	1	0.47811	8
2	1	26	1	0.8	2.2251	8	1.8	5.0788	0.9	20	1	0.34223	8
2	1	27	1	0.8	1.512	8	1.8	3.1283	0.9	20	1	0.88579	8
2	1	28	1	0.8	0.61321	8	2.2	4.9403	0.9	24	1	0.68611	8
2	1	29	1	0.8	0.57394	8	2.6	2.7401	0.9	28	1	0.35747	8
2	1	30	1	0.8	1.4012	8	2.6	4.4472	0.9	28	1	0.34074	8
2	1	31	1	0.8	4.9921	8	1	1.893	0.9	11	1	0.33496	8
2	1	32	1	0.8	5.5896	8	1.4	3.7052	0.9	15	1	0.51108	8
2	1	33	1	0.8	2.7138	8	3	0.45563	0.9	33	1	0.28656	8
2	1	34	1	0.8	3.7617	8	1.4	5.4421	0.9	15	1	0.57275	8
2	1	35	1	0.8	5.0542	8	1	0.56157	0.9	11	1	0.4693	8
2	1	36	1	0.8	2.0429	8	2.2	3.6341	0.9	24	1	0.28625	8
];

d2 = [2	2	1	2	0.8	0.49865	10	1.8	2.2284	0.8	22	2	0.76722	22
2	2	2	2	0.8	1.6704	10	1	5.0273	0.8	12	2	0.36709	12
2	2	3	2	0.8	4.5913	10	2.2	1.559	0.8	27	1	0.34309	10
2	2	4	2	0.8	2.8274	10	1	5.7145	0.8	12	2	0.57399	12
2	2	5	2	0.8	4.387	10	1.4	2.7982	0.8	17	1	0.31862	10
2	2	6	2	0.8	4.2649	10	3	1.1989	0.8	37	1	0.46265	10
2	2	7	2	0.8	0.84148	10	3	4.9388	0.8	37	1	0.31722	10
2	2	8	2	0.8	0.5979	10	1.8	3.7681	0.8	22	1	0.58201	10
2	2	9	2	0.8	2.5142	10	1.8	5.6535	0.8	22	1	0.74932	10
2	2	10	2	0.8	1.0884	10	1.4	4.1529	0.8	17	1	0.76541	10
2	2	11	2	0.8	4.3438	10	2.2	1.8876	0.8	27	1	0.3591	10
2	2	12	2	0.8	2.6788	10	1.8	5.5957	0.8	22	1	0.32687	10
2	2	13	2	0.8	3.2326	10	1	0.8468	0.8	12	1	0.3745	10
2	2	14	2	0.8	3.1512	10	1	0.44172	0.8	12	1	0.65507	10
2	2	15	2	0.8	0.82722	10	3	4.6764	0.8	37	1	0.66181	10
2	2	16	2	0.8	1.6112	10	2.6	5.282	0.8	32	1	0.36638	10
2	2	17	2	0.8	1.9951	10	2.6	5.6359	0.8	32	1	0.38997	10
2	2	18	2	0.8	5.529	10	2.6	2.1391	0.8	32	1	0.35054	10
2	2	19	2	0.8	3.0977	10	2.2	0.4396	0.8	27	1	0.39809	10
2	2	20	2	0.8	5.7999	10	1.4	1.2977	0.8	17	1	0.34921	10
2	2	21	2	0.8	2.2011	10	2.2	4.7507	0.8	27	1	0.31882	10
2	2	22	2	0.8	5.2947	10	3	3.7101	0.8	37	1	0.33479	10
2	2	23	2	0.8	0.48241	10	2.6	5.5622	0.8	32	1	0.26338	10
2	2	24	2	0.8	3.5079	10	1.4	0.52725	0.8	17	1	0.65511	10
2	2	25	2	0.8	0.67057	10	3	3.2861	0.8	37	1	0.48611	10
2	2	26	2	0.8	1.3662	10	1.8	3.1246	0.8	22	1	0.36531	10
2	2	27	2	0.8	4.8278	10	1.8	0.77965	0.8	22	1	0.29481	10
2	2	28	2	0.8	4.3726	10	2.2	2.7765	0.8	27	1	0.34201	10
2	2	29	2	0.8	2.9605	10	2.6	4.7138	0.8	32	1	0.78979	10
2	2	30	2	0.8	3.5061	10	2.6	0.6271	0.8	32	1	0.40568	10
2	2	31	2	0.8	3.4021	10	1	5.1341	0.8	12	1	0.40704	10
2	2	32	2	0.8	1.7928	10	1.4	5.7109	0.8	17	1	0.35087	10
2	2	33	2	0.8	5.7539	10	3	2.6021	0.8	37	1	0.63878	10
2	2	34	2	0.8	3.3024	10	1.4	0.39352	0.8	17	1	0.4376	10
2	2	35	2	0.8	2.4847	10	1	5.1166	0.8	12	2	0.44585	12
2	2	36	2	0.8	2.6272	10	2.2	0.65825	0.8	27	1	0.54996	10
];

d3 = [2	3	1	3	0.8	3.7327	11	1.8	1.1027	0.7	25	1	0.74312	0
2	3	2	3	0.8	2.3083	11	1	4.332	0.7	14	1	0.43832	11
2	3	3	3	0.8	3.6778	11	2.2	2.0348	0.7	31	1	0.64685	11
2	3	4	3	0.8	3.2906	11	1	5.3301	0.7	14	1	0.34958	11
2	3	5	3	0.8	3.8144	11	1.4	5.8343	0.7	19	1	0.36557	11
2	3	6	3	0.8	3.153	11	3	1.2974	0.7	42	1	0.35855	11
2	3	7	3	0.8	5.8023	11	3	0.62929	0.7	42	1	0.3584	11
2	3	8	3	0.8	1.5474	11	1.8	5.7941	0.7	25	1	0.34219	11
2	3	9	3	0.8	5.7889	11	1.8	3.0455	0.7	25	2	0.71783	0
2	3	10	3	0.8	2.9379	11	1.4	0.987	0.7	19	1	0.29323	11
2	3	11	3	0.8	4.5397	11	2.2	2.7263	0.7	31	1	0.35051	11
2	3	12	3	0.8	1.0513	11	1.8	4.6749	0.7	25	1	0.35103	11
2	3	13	3	0.8	0.60448	11	1	2.4054	0.7	14	1	0.63055	11
2	3	14	3	0.8	1.5426	11	1	4.2649	0.7	14	1	0.39038	11
2	3	15	3	0.8	4.4302	11	3	2.4544	0.7	42	1	0.32636	11
2	3	16	3	0.8	0.55332	11	2.6	2.3903	0.7	37	1	0.29417	11
2	3	17	3	0.8	3.5078	11	2.6	5.8151	0.7	37	1	0.58202	11
2	3	18	3	0.8	3.1074	11	2.6	0.83002	0.7	37	1	0.30191	11
2	3	19	3	0.8	5.2553	11	2.2	2.9532	0.7	31	1	0.34923	11
2	3	20	3	0.8	2.4348	11	1.4	5.8666	0.7	19	1	0.27729	11
2	3	21	3	0.8	4.9135	11	2.2	0.47446	0.7	31	1	0.33509	11
2	3	22	3	0.8	3.8135	11	3	1.4727	0.7	42	1	0.60702	11
2	3	23	3	0.8	3.3584	11	2.6	5.5164	0.7	37	1	0.38259	11
2	3	24	3	0.8	1.5624	11	1.4	4.5667	0.7	19	1	0.30253	11
2	3	25	3	0.8	2.8934	11	3	5.3044	0.7	42	1	0.59839	11
2	3	26	3	0.8	5.0102	11	1.8	3.0256	0.7	25	1	0.36586	11
2	3	27	3	0.8	0.98262	11	1.8	3.7755	0.7	25	1	0.68263	11
2	3	28	3	0.8	0.77989	11	2.2	4.0226	0.7	31	1	0.32601	11
2	3	29	3	0.8	3.1787	11	2.6	5.5355	0.7	37	1	0.28578	11
2	3	30	3	0.8	2.8418	11	2.6	4.9113	0.7	37	1	0.38263	11
2	3	31	3	0.8	4.5337	11	1	2.2905	0.7	14	2	0.56612	14
2	3	32	3	0.8	4.3703	11	1.4	1.6881	0.7	19	1	0.44672	11
2	3	33	3	0.8	5.8882	11	3	3.0595	0.7	42	1	0.54204	11
2	3	34	3	0.8	1.146	11	1.4	2.9833	0.7	19	1	0.46323	11
2	3	35	3	0.8	1.6477	11	1	5.086	0.7	14	1	0.62275	11
2	3	36	3	0.8	0.42846	11	2.2	4.6984	0.7	31	1	0.48651	11
];

d4 = [2	4	1	4	0.8	5.1341	13	1.8	3.4502	0.6	29	1	0.54315	13
2	4	2	4	0.8	0.68899	13	1	4.9903	0.6	16	1	0.32719	13
2	4	3	4	0.8	4.8108	13	2.2	2.0922	0.6	36	1	0.33472	13
2	4	4	4	0.8	5.153	13	1	2.6854	0.6	16	1	0.58232	13
2	4	5	4	0.8	3.563	13	1.4	1.792	0.6	23	1	0.57367	13
2	4	6	4	0.8	2.1732	13	3	4.264	0.6	49	1	0.62228	0
2	4	7	4	0.8	5.1547	13	3	2.9954	0.6	49	1	0.34984	13
2	4	8	4	0.8	3.5675	13	1.8	1.1027	0.6	29	1	0.41362	13
2	4	9	4	0.8	5.2792	13	1.8	2.7673	0.6	29	1	0.51775	13
2	4	10	4	0.8	0.8721	13	1.4	4.3054	0.6	23	1	0.28546	13
2	4	11	4	0.8	5.6213	13	2.2	1.4401	0.6	36	1	0.39972	13
2	4	12	4	0.8	4.4931	13	1.8	2.2532	0.6	29	1	0.44681	13
2	4	13	4	0.8	0.61661	13	1	3.2054	0.6	16	1	0.28701	13
2	4	14	4	0.8	2.0348	13	1	4.8778	0.6	16	1	0.7264	0
2	4	15	4	0.8	3.4565	13	3	1.4309	0.6	49	1	0.31837	13
2	4	16	4	0.8	1.3597	13	2.6	4.9817	0.6	43	1	0.25409	13
2	4	17	4	0.8	2.4286	13	2.6	4.1642	0.6	43	1	0.27835	13
2	4	18	4	0.8	0.46418	13	2.6	4.391	0.6	43	1	0.26207	13
2	4	19	4	0.8	1.731	13	2.2	4.0667	0.6	36	1	0.30185	13
2	4	20	4	0.8	1.1812	13	1.4	5.6847	0.6	23	1	0.60524	0
2	4	21	4	0.8	3.8664	13	2.2	5.7923	0.6	36	1	0.34235	13
2	4	22	4	0.8	3.1915	13	3	0.39998	0.6	49	1	0.34217	13
2	4	23	4	0.8	5.8712	13	2.6	1.4265	0.6	43	1	0.35857	13
2	4	24	4	0.8	5.2644	13	1.4	2.2383	0.6	23	1	0.6947	0
2	4	25	4	0.8	4.5353	13	3	1.961	0.6	49	1	0.38227	13
2	4	26	4	0.8	3.8232	13	1.8	1.5265	0.6	29	1	0.35021	13
2	4	27	4	0.8	0.98109	13	1.8	5.3109	0.6	29	1	0.25424	13
2	4	28	4	0.8	0.65125	13	2.2	5.3794	0.6	36	1	0.33346	13
2	4	29	4	0.8	4.5802	13	2.6	2.9361	0.6	43	1	0.614	0
2	4	30	4	0.8	1.6689	13	2.6	4.288	0.6	43	1	0.29364	13
2	4	31	4	0.8	4.6444	13	1	2.1663	0.6	16	1	0.37539	13
2	4	32	4	0.8	0.54485	13	1.4	3.137	0.6	23	1	0.3434	13
2	4	33	4	0.8	4.5173	13	3	1.8506	0.6	49	1	0.32683	13
2	4	34	4	0.8	1.8173	13	1.4	3.5551	0.6	23	1	0.35836	13
2	4	35	4	0.8	0.82565	13	1	3.0467	0.6	16	1	0.38345	13
2	4	36	4	0.8	1.6207	13	2.2	4.1152	0.6	36	1	0.24659	13
];

