% risk_exp2_subject_09

d1 = [9	1	1	1	0.8	1.4123	8	2.2	4.6438	0.9	24	2	0.86882	24
9	1	2	1	0.8	1.2655	8	3	4.6095	0.9	33	2	0.93507	0
9	1	3	1	0.8	3.0583	8	1	0.52156	0.9	11	1	0.58332	8
9	1	4	1	0.8	1.2582	8	2.6	3.3679	0.9	28	1	0.33551	8
9	1	5	1	0.8	2.3683	8	1.8	3.9496	0.9	20	2	0.60564	20
9	1	6	1	0.8	4.3459	8	2.6	0.41449	0.9	28	2	1.1019	0
9	1	7	1	0.8	0.71209	8	1.4	4.7056	0.9	15	2	0.57334	15
9	1	8	1	0.8	4.0166	8	3	2.4095	0.9	33	2	0.74127	33
9	1	9	1	0.8	3.9483	8	1.8	0.48246	0.9	20	2	0.54204	20
9	1	10	1	0.8	4.4888	8	1.8	2.6344	0.9	20	2	0.52577	20
9	1	11	1	0.8	3.63	8	1	0.8502	0.9	11	2	0.47047	11
9	1	12	1	0.8	5.1153	8	1.4	1.1351	0.9	15	2	0.48708	15
9	1	13	1	0.8	3.5386	8	2.2	5.3996	0.9	24	2	0.6299	24
9	1	14	1	0.8	4.4068	8	1.4	2.2066	0.9	15	2	0.51771	15
9	1	15	1	0.8	3.4724	8	1.8	0.4154	0.9	20	2	0.60556	20
9	1	16	1	0.8	2.6958	8	1.4	5.0321	0.9	15	2	0.51877	15
9	1	17	1	0.8	0.51411	8	2.2	5.0757	0.9	24	2	0.59776	24
9	1	18	1	0.8	1.7505	8	2.6	4.2055	0.9	28	2	0.62089	28
9	1	19	1	0.8	5.1341	8	2.2	0.51749	0.9	24	2	0.58945	24
9	1	20	1	0.8	4.8882	8	1	0.99653	0.9	11	2	0.36613	11
9	1	21	1	0.8	1.2333	8	1	4.0694	0.9	11	2	0.32639	11
9	1	22	1	0.8	2.7441	8	1.4	4.9638	0.9	15	2	0.48635	15
9	1	23	1	0.8	4.3263	8	2.6	1.4182	0.9	28	2	0.64698	28
9	1	24	1	0.8	4.8009	8	2.6	1.0915	0.9	28	2	0.54217	28
9	1	25	1	0.8	5.7141	8	2.6	2.6402	0.9	28	2	0.62165	28
9	1	26	1	0.8	3.1785	8	3	0.64506	0.9	33	2	0.49453	33
9	1	27	1	0.8	5.7766	8	3	1.8532	0.9	33	2	0.53369	33
9	1	28	1	0.8	5.8337	8	1.8	2.1679	0.9	20	2	0.47033	20
9	1	29	1	0.8	0.48479	8	3	3.104	0.9	33	2	0.63723	33
9	1	30	1	0.8	2.628	8	1	4.5424	0.9	11	2	0.36353	11
9	1	31	1	0.8	2.5146	8	1.4	5.3964	0.9	15	2	0.55949	15
9	1	32	1	0.8	1.4265	8	2.2	4.0814	0.9	24	2	0.71045	24
9	1	33	1	0.8	2.5657	8	3	4.525	0.9	33	2	0.63872	33
9	1	34	1	0.8	5.8519	8	1	3.7364	0.9	11	2	0.45275	11
9	1	35	1	0.8	2.0685	8	2.2	4.4359	0.9	24	2	0.62306	24
9	1	36	1	0.8	5.5768	8	1.8	2.0857	0.9	20	2	0.5185	20
];

d2 = [9	2	1	2	0.8	2.0534	10	2.2	0.39823	0.8	27	2	0.56646	27
9	2	2	2	0.8	1.5033	10	3	4.3643	0.8	37	2	0.63972	37
9	2	3	2	0.8	5.7377	10	1	1.9638	0.8	12	2	0.6621	12
9	2	4	2	0.8	0.9953	10	2.6	3.3409	0.8	32	2	0.58192	32
9	2	5	2	0.8	4.3047	10	1.8	0.5456	0.8	22	2	0.47656	22
9	2	6	2	0.8	1.7068	10	2.6	3.5487	0.8	32	2	0.59848	32
9	2	7	2	0.8	4.0431	10	1.4	0.78262	0.8	17	2	0.73669	17
9	2	8	2	0.8	4.74	10	3	2.3528	0.8	37	2	0.56529	37
9	2	9	2	0.8	5.1128	10	1.8	3.3338	0.8	22	2	0.50183	22
9	2	10	2	0.8	1.6086	10	1.8	4.0876	0.8	22	2	0.50156	22
9	2	11	2	0.8	3.896	10	1	1.7873	0.8	12	1	0.36693	10
9	2	12	2	0.8	3.2901	10	1.4	0.70101	0.8	17	2	0.59833	17
9	2	13	2	0.8	4.1427	10	2.2	2.1613	0.8	27	2	0.55022	27
9	2	14	2	0.8	2.4847	10	1.4	5.1166	0.8	17	2	0.48645	17
9	2	15	2	0.8	2.4304	10	1.8	5.0747	0.8	22	2	0.54991	22
9	2	16	2	0.8	5.0595	10	1.4	1.4455	0.8	17	2	0.74895	17
9	2	17	2	0.8	4.2391	10	2.2	1.1482	0.8	27	2	0.46116	27
9	2	18	2	0.8	1.3562	10	2.6	3.0804	0.8	32	2	0.63002	32
9	2	19	2	0.8	2.3792	10	2.2	5.4845	0.8	27	2	0.60521	27
9	2	20	2	0.8	3.3422	10	1	5.7441	0.8	12	2	0.38961	12
9	2	21	2	0.8	2.3083	10	1	4.332	0.8	12	2	0.5434	12
9	2	22	2	0.8	2.2873	10	1.4	5.0466	0.8	17	2	0.45419	17
9	2	23	2	0.8	4.2194	10	2.6	0.64506	0.8	32	2	0.64523	32
9	2	24	2	0.8	4.9176	10	2.6	2.0626	0.8	32	2	0.50993	32
9	2	25	2	0.8	2.1679	10	2.6	3.7522	0.8	32	2	0.56611	32
9	2	26	2	0.8	1.2711	10	3	3.0455	0.8	37	2	0.58186	37
9	2	27	2	0.8	4.5424	10	3	0.9413	0.8	37	2	0.47653	37
9	2	28	2	0.8	5.3964	10	1.8	0.6797	0.8	22	2	0.47106	22
9	2	29	2	0.8	4.2888	10	3	0.98161	0.8	37	2	0.5094	37
9	2	30	2	0.8	1.321	10	1	5.7335	0.8	12	2	0.54182	12
9	2	31	2	0.8	4.4302	10	1.4	2.4544	0.8	17	2	0.45469	17
9	2	32	2	0.8	4.4511	10	2.2	1.4979	0.8	27	2	0.4946	27
9	2	33	2	0.8	5.4778	10	3	2.712	0.8	37	2	0.62268	37
9	2	34	2	0.8	2.1933	10	1	4.7593	0.8	12	2	0.5103	12
9	2	35	2	0.8	2.6206	10	2.2	5.5957	0.8	27	2	0.89387	0
9	2	36	2	0.8	2.4135	10	1.8	4.8633	0.8	22	2	0.55028	22
];

d3 = [9	3	1	3	0.8	3.4282	11	2.2	0.84623	0.7	31	2	0.53442	31
9	3	2	3	0.8	5.7307	11	3	0.62261	0.7	42	2	0.42337	42
9	3	3	3	0.8	5.1314	11	1	2.25	0.7	14	2	0.50273	14
9	3	4	3	0.8	2.4095	11	2.6	5.0336	0.7	37	2	0.69391	37
9	3	5	3	0.8	1.6254	11	1.8	5.2745	0.7	25	2	0.47804	25
9	3	6	3	0.8	4.8852	11	2.6	2.5717	0.7	37	2	0.55718	37
9	3	7	3	0.8	2.4424	11	1.4	0.5044	0.7	19	2	0.54139	19
9	3	8	3	0.8	2.9256	11	3	5.1153	0.7	42	2	0.62935	42
9	3	9	3	0.8	5.1276	11	1.8	1.609	0.7	25	2	0.56517	25
9	3	10	3	0.8	4.8048	11	1.8	1.1833	0.7	25	2	0.50889	25
9	3	11	3	0.8	0.51598	11	1	5.6639	0.7	14	2	0.55041	14
9	3	12	3	0.8	4.2267	11	1.4	2.5765	0.7	19	2	0.47727	19
9	3	13	3	0.8	1.7255	11	2.2	4.0321	0.7	31	2	0.58996	31
9	3	14	3	0.8	2.0775	11	1.4	4.5614	0.7	19	2	0.40634	19
9	3	15	3	0.8	3.4073	11	1.8	0.62547	0.7	25	2	0.5576	25
9	3	16	3	0.8	5.8674	11	1.4	2.0708	0.7	19	2	0.54158	19
9	3	17	3	0.8	2.4089	11	2.2	4.9514	0.7	31	2	0.62194	31
9	3	18	3	0.8	1.1482	11	2.6	5.7548	0.7	37	2	0.73465	0
9	3	19	3	0.8	2.5988	11	2.2	5.3958	0.7	31	2	0.42894	31
9	3	20	3	0.8	4.0595	11	1	1.6096	0.7	14	2	0.31749	14
9	3	21	3	0.8	3.7493	11	1	2.053	0.7	14	2	0.70249	0
9	3	22	3	0.8	1.0968	11	1.4	3.1622	0.7	19	2	0.50211	19
9	3	23	3	0.8	2.2744	11	2.6	5.624	0.7	37	2	0.51082	37
9	3	24	3	0.8	3.0801	11	2.6	4.9715	0.7	37	2	0.60516	37
9	3	25	3	0.8	2.1679	11	2.6	3.7522	0.7	37	2	0.75055	0
9	3	26	3	0.8	0.9034	11	3	5.2259	0.7	42	2	0.54152	42
9	3	27	3	0.8	1.1087	11	3	3.4805	0.7	42	2	0.60615	42
9	3	28	3	0.8	1.4265	11	1.8	4.0814	0.7	25	2	0.57341	25
9	3	29	3	0.8	2.5973	11	3	5.7335	0.7	42	2	0.62908	42
9	3	30	3	0.8	3.4897	11	1	1.7852	0.7	14	2	0.42176	14
9	3	31	3	0.8	5.4175	11	1.4	3.5563	0.7	19	2	0.68718	19
9	3	32	3	0.8	5.7621	11	2.2	2.178	0.7	31	2	0.57598	31
9	3	33	3	0.8	3.3269	11	3	0.43816	0.7	42	2	0.5033	42
9	3	34	3	0.8	3.3621	11	1	5.4027	0.7	14	2	0.44675	14
9	3	35	3	0.8	4.4459	11	2.2	1.4727	0.7	31	2	0.61398	31
9	3	36	3	0.8	3.5997	11	1.8	1.8073	0.7	25	2	0.54909	25
];

d4 = [9	4	1	4	0.8	4.2555	13	2.2	1.5754	0.6	36	2	0.5265	36
9	4	2	4	0.8	4.3913	13	3	0.89506	0.6	49	2	0.55878	49
9	4	3	4	0.8	4.1912	13	1	0.42204	0.6	16	2	0.3419	16
9	4	4	4	0.8	4.4525	13	2.6	1.9601	0.6	43	2	0.49435	43
9	4	5	4	0.8	0.9953	13	1.8	3.3409	0.6	29	2	0.50179	29
9	4	6	4	0.8	2.0974	13	2.6	5.6407	0.6	43	2	0.69339	0
9	4	7	4	0.8	4.5311	13	1.4	2.9256	0.6	23	2	0.32589	23
9	4	8	4	0.8	3.3092	13	3	1.614	0.6	49	2	0.4047	49
9	4	9	4	0.8	5.6511	13	1.8	3.7952	0.6	29	2	0.76615	0
9	4	10	4	0.8	5.4349	13	1.8	1.8966	0.6	29	2	0.39781	29
9	4	11	4	0.8	1.2544	13	1	4.4307	0.6	16	2	0.40643	16
9	4	12	4	0.8	5.7537	13	1.4	2.1336	0.6	23	2	0.48629	23
9	4	13	4	0.8	3.9932	13	2.2	2.2452	0.6	36	2	0.55012	36
9	4	14	4	0.8	5.3362	13	1.4	3.3675	0.6	23	2	0.38202	23
9	4	15	4	0.8	1.4637	13	1.8	3.8399	0.6	29	2	0.59772	29
9	4	16	4	0.8	4.8981	13	1.4	2.9954	0.6	23	2	0.5267	23
9	4	17	4	0.8	2.8413	13	2.2	0.6931	0.6	36	2	0.53401	36
9	4	18	4	0.8	2.8335	13	2.6	4.6089	0.6	43	2	0.47771	43
9	4	19	4	0.8	0.40068	13	2.2	3.384	0.6	36	2	0.48417	36
9	4	20	4	0.8	2.5623	13	1	4.9701	0.6	16	2	0.43802	16
9	4	21	4	0.8	1.5261	13	1	4.302	0.6	16	2	0.45468	16
9	4	22	4	0.8	2.7883	13	1.4	4.5316	0.6	23	2	0.51817	23
9	4	23	4	0.8	2.2605	13	2.6	4.0826	0.6	43	2	0.66187	0
9	4	24	4	0.8	4.2579	13	2.6	0.86222	0.6	43	2	0.51894	43
9	4	25	4	0.8	5.0795	13	2.6	3.0848	0.6	43	2	0.58963	43
9	4	26	4	0.8	2.2064	13	3	0.58959	0.6	49	2	0.56564	49
9	4	27	4	0.8	4.1335	13	3	2.5194	0.6	49	2	0.62964	0
9	4	28	4	0.8	2.3582	13	1.8	4.0418	0.6	29	2	0.4138	29
9	4	29	4	0.8	2.6879	13	3	5.7335	0.6	49	2	0.48609	49
9	4	30	4	0.8	3.8188	13	1	1.7336	0.6	16	2	0.26081	16
9	4	31	4	0.8	3.8214	13	1.4	5.5703	0.6	23	2	0.42252	23
9	4	32	4	0.8	3.9251	13	2.2	1.3825	0.6	36	2	0.39831	36
9	4	33	4	0.8	4.0208	13	3	1.8029	0.6	49	2	0.38208	49
9	4	34	4	0.8	1.3749	13	1	3.1482	0.6	16	2	0.33414	16
9	4	35	4	0.8	3.4914	13	2.2	0.81089	0.6	36	2	0.69394	0
9	4	36	4	0.8	1.8326	13	1.8	4.0582	0.6	29	2	0.4227	29
];

