% risk_exp2_subject_22

d1 = [22	1	1	1	0.8	1.9013	8	3	4.287	0.9	33	2	2.1327	0
22	1	2	1	0.8	0.69844	8	2.6	2.8206	0.9	28	1	0.66788	8
22	1	3	1	0.8	2.3748	8	1	5.665	0.9	11	2	0.57402	11
22	1	4	1	0.8	4.185	8	1.4	2.2783	0.9	15	2	0.51819	15
22	1	5	1	0.8	5.6459	8	1.4	3.7493	0.9	15	2	0.81537	15
22	1	6	1	0.8	3.3286	8	2.6	1.408	0.9	28	2	0.64004	28
22	1	7	1	0.8	3.5841	8	1.8	1.3194	0.9	20	2	0.49526	20
22	1	8	1	0.8	2.5505	8	1	5.7889	0.9	11	2	0.44525	11
22	1	9	1	0.8	4.8266	8	3	2.8443	0.9	33	1	0.43777	8
22	1	10	1	0.8	4.4353	8	1.8	0.52433	0.9	20	2	0.55774	20
22	1	11	1	0.8	4.4908	8	1.4	0.56668	0.9	15	2	0.42378	15
22	1	12	1	0.8	4.746	8	1	1.9057	0.9	11	1	0.45495	8
22	1	13	1	0.8	5.0893	8	3	3.3775	0.9	33	2	1.1742	0
22	1	14	1	0.8	2.156	8	2.6	5.0468	0.9	28	2	0.77397	28
22	1	15	1	0.8	0.81089	8	3	4.2755	0.9	33	1	0.38415	8
22	1	16	1	0.8	1.766	8	2.6	5.7474	0.9	28	1	0.36614	8
22	1	17	1	0.8	2.5304	8	2.2	4.8859	0.9	24	1	0.6619	8
22	1	18	1	0.8	0.41449	8	3	4.2513	0.9	33	2	0.55726	33
22	1	19	1	0.8	4.5408	8	2.6	2.837	0.9	28	2	0.52452	28
22	1	20	1	0.8	1.4774	8	1.8	4.5275	0.9	20	2	0.54414	20
22	1	21	1	0.8	1.096	8	2.2	2.8729	0.9	24	2	0.69427	24
22	1	22	1	0.8	0.48847	8	1.8	3.8852	0.9	20	2	0.47012	20
22	1	23	1	0.8	4.4565	8	1.8	0.5031	0.9	20	2	0.48675	20
22	1	24	1	0.8	4.4912	8	1.4	1.7626	0.9	15	2	0.42158	15
22	1	25	1	0.8	3.265	8	2.2	1.147	0.9	24	2	0.56593	24
22	1	26	1	0.8	2.3146	8	3	5.0714	0.9	33	2	0.66201	33
22	1	27	1	0.8	0.85271	8	1.4	5.3513	0.9	15	2	0.48471	15
22	1	28	1	0.8	3.9866	8	2.6	1.6589	0.9	28	2	0.45582	28
22	1	29	1	0.8	2.8831	8	1	4.6012	0.9	11	2	0.3501	11
22	1	30	1	0.8	4.9095	8	2.2	2.1941	0.9	24	2	0.5246	24
22	1	31	1	0.8	5.3942	8	1	1.7902	0.9	11	2	0.3832	11
22	1	32	1	0.8	0.44625	8	2.2	3.6683	0.9	24	2	0.49594	24
22	1	33	1	0.8	5.4196	8	1.4	2.4342	0.9	15	2	0.46302	15
22	1	34	1	0.8	2.2453	8	1.8	3.9044	0.9	20	2	0.42254	20
22	1	35	1	0.8	2.6727	8	2.2	5.5413	0.9	24	2	0.57467	24
22	1	36	1	0.8	2.3294	8	1	4.8091	0.9	11	1	0.303	8
];

d2 = [22	2	1	2	0.8	2.7528	10	3	1.0666	0.8	37	2	0.70292	37
22	2	2	2	0.8	2.912	10	2.6	1.3329	0.8	32	2	0.56639	32
22	2	3	2	0.8	0.72456	10	1	2.995	0.8	12	1	0.33441	10
22	2	4	2	0.8	0.59023	10	1.4	5.4534	0.8	17	1	0.5187	10
22	2	5	2	0.8	1.1369	10	1.4	2.9024	0.8	17	2	0.54979	17
22	2	6	2	0.8	2.5107	10	2.6	5.3822	0.8	32	2	0.58268	32
22	2	7	2	0.8	5.0759	10	1.8	2.3825	0.8	22	2	0.40602	22
22	2	8	2	0.8	0.79583	10	1	2.3742	0.8	12	2	0.76492	12
22	2	9	2	0.8	1.1529	10	3	3.7712	0.8	37	2	0.58954	37
22	2	10	2	0.8	2.7923	10	1.8	1.0101	0.8	22	2	0.4133	22
22	2	11	2	0.8	4.6075	10	1.4	1.2684	0.8	17	2	0.65489	17
22	2	12	2	0.8	3.1326	10	1	0.90013	0.8	12	2	0.6378	12
22	2	13	2	0.8	0.68003	10	3	4.0681	0.8	37	2	0.48617	37
22	2	14	2	0.8	4.0218	10	2.6	1.147	0.8	32	2	0.61366	32
22	2	15	2	0.8	0.86103	10	3	4.2455	0.8	37	2	0.44656	37
22	2	16	2	0.8	4.3273	10	2.6	2.457	0.8	32	2	0.5742	32
22	2	17	2	0.8	4.7596	10	2.2	1.0211	0.8	27	2	0.55127	27
22	2	18	2	0.8	2.8831	10	3	4.6012	0.8	37	2	0.60082	37
22	2	19	2	0.8	2.5985	10	2.6	4.4613	0.8	32	2	0.78996	32
22	2	20	2	0.8	2.0459	10	1.8	3.8087	0.8	22	2	0.47081	22
22	2	21	2	0.8	4.8518	10	2.2	1.8603	0.8	27	2	0.43013	27
22	2	22	2	0.8	1.1027	10	1.8	5.7548	0.8	22	2	0.55885	22
22	2	23	2	0.8	4.0854	10	1.8	2.1648	0.8	22	2	0.43833	22
22	2	24	2	0.8	3.3808	10	1.4	1.1229	0.8	17	2	0.63049	17
22	2	25	2	0.8	3.5609	10	2.2	1.8341	0.8	27	2	0.5098	27
22	2	26	2	0.8	4.1292	10	3	0.89854	0.8	37	2	0.99063	0
22	2	27	2	0.8	2.5593	10	1.4	5.4286	0.8	17	2	0.50129	17
22	2	28	2	0.8	1.378	10	2.6	3.6538	0.8	32	2	0.54569	32
22	2	29	2	0.8	3.8867	10	1	1.7006	0.8	12	2	0.37474	12
22	2	30	2	0.8	2.2195	10	2.2	5.4274	0.8	27	2	0.61302	27
22	2	31	2	0.8	0.41513	10	1	5.4855	0.8	12	2	0.69479	12
22	2	32	2	0.8	4.8362	10	2.2	3.1706	0.8	27	2	0.49412	27
22	2	33	2	0.8	4.7355	10	1.4	1.4265	0.8	17	1	0.47831	10
22	2	34	2	0.8	3.9199	10	1.8	1.822	0.8	22	2	0.52819	22
22	2	35	2	0.8	4.6757	10	2.2	0.60541	0.8	27	2	0.81497	0
22	2	36	2	0.8	4.4511	10	1	1.4979	0.8	12	2	0.3746	12
];

d3 = [22	3	1	3	0.8	1.752	11	3	3.4124	0.7	42	2	0.62325	42
22	3	2	3	0.8	2.8905	11	2.6	5.5546	0.7	37	2	0.53182	37
22	3	3	3	0.8	2.0067	11	1	4.0868	0.7	14	2	0.5266	14
22	3	4	3	0.8	4.9118	11	1.4	3.2459	0.7	19	2	0.74138	0
22	3	5	3	0.8	1.564	11	1.4	3.9915	0.7	19	2	0.68555	19
22	3	6	3	0.8	3.0056	11	2.6	0.41493	0.7	37	2	0.6853	37
22	3	7	3	0.8	1.1993	11	1.8	3.9393	0.7	25	2	0.52529	25
22	3	8	3	0.8	0.91718	11	1	4.7856	0.7	14	2	0.47828	14
22	3	9	3	0.8	3.6271	11	3	5.7683	0.7	42	2	0.65854	42
22	3	10	3	0.8	3.2553	11	1.8	0.98877	0.7	25	2	0.39679	25
22	3	11	3	0.8	4.6279	11	1.4	1.147	0.7	19	2	0.39838	19
22	3	12	3	0.8	2.8461	11	1	4.6913	0.7	14	2	0.33442	14
22	3	13	3	0.8	3.1156	11	3	1.271	0.7	42	2	0.4665	42
22	3	14	3	0.8	3.4947	11	2.6	1.6086	0.7	37	2	0.58912	37
22	3	15	3	0.8	2.2585	11	3	4.0787	0.7	42	2	0.78762	0
22	3	16	3	0.8	4.3597	11	2.6	1.4464	0.7	37	2	0.54209	37
22	3	17	3	0.8	4.9612	11	2.2	2.5394	0.7	31	2	0.57591	31
22	3	18	3	0.8	5.1686	11	3	3.1009	0.7	42	2	0.63006	42
22	3	19	3	0.8	5.1734	11	2.6	3.2942	0.7	37	2	0.60652	37
22	3	20	3	0.8	3.7567	11	1.8	1.8352	0.7	25	2	0.52607	25
22	3	21	3	0.8	3.3808	11	2.2	1.1229	0.7	31	2	0.78269	0
22	3	22	3	0.8	1.2318	11	1.8	5.4412	0.7	25	2	0.51865	25
22	3	23	3	0.8	0.70514	11	1.8	2.822	0.7	25	2	0.53431	25
22	3	24	3	0.8	5.2201	11	1.4	1.7879	0.7	19	2	0.36716	19
22	3	25	3	0.8	3.809	11	2.2	1.5115	0.7	31	2	0.53372	31
22	3	26	3	0.8	4.9312	11	3	1.6191	0.7	42	2	0.61309	42
22	3	27	3	0.8	2.5505	11	1.4	5.7889	0.7	19	2	0.55613	19
22	3	28	3	0.8	2.7371	11	2.6	5.606	0.7	37	2	0.81409	0
22	3	29	3	0.8	5.5415	11	1	3.6244	0.7	14	1	0.39748	11
22	3	30	3	0.8	4.4908	11	2.2	0.56668	0.7	31	2	0.58973	31
22	3	31	3	0.8	2.6844	11	1	4.5714	0.7	14	2	0.39093	14
22	3	32	3	0.8	5.7578	11	2.2	3.0541	0.7	31	2	0.53533	31
22	3	33	3	0.8	2.6081	11	1.4	4.875	0.7	19	2	0.51783	19
22	3	34	3	0.8	1.9674	11	1.8	5.0468	0.7	25	2	0.57486	25
22	3	35	3	0.8	4.3149	11	2.2	1.8876	0.7	31	2	0.46987	31
22	3	36	3	0.8	4.7594	11	1	2.3237	0.7	14	2	0.5259	14
];

d4 = [22	4	1	4	0.8	1.505	13	3	4.5508	0.6	49	2	0.53446	49
22	4	2	4	0.8	2.1435	13	2.6	3.9391	0.6	43	2	0.52654	43
22	4	3	4	0.8	2.0534	13	1	4.0678	0.6	16	2	0.35023	16
22	4	4	4	0.8	2.9719	13	1.4	1.09	0.6	23	2	0.43892	23
22	4	5	4	0.8	2.9049	13	1.4	4.6694	0.6	23	2	0.63771	0
22	4	6	4	0.8	1.1653	13	2.6	3.1459	0.6	43	2	0.52611	43
22	4	7	4	0.8	2.5844	13	1.8	0.98877	0.6	29	2	0.42143	29
22	4	8	4	0.8	4.2422	13	1	2.0106	0.6	16	2	0.70884	0
22	4	9	4	0.8	2.163	13	3	4.2535	0.6	49	1	0.39757	13
22	4	10	4	0.8	5.3836	13	1.8	1.1616	0.6	29	2	0.67791	0
22	4	11	4	0.8	1.4616	13	1.4	4.145	0.6	23	2	0.51919	23
22	4	12	4	0.8	1.6032	13	1	4.7596	0.6	16	2	0.47085	16
22	4	13	4	0.8	4.3841	13	3	0.72677	0.6	49	2	0.56599	49
22	4	14	4	0.8	5.2655	13	2.6	3.3999	0.6	43	2	0.38346	43
22	4	15	4	0.8	3.5487	13	3	5.3918	0.6	49	2	0.58837	49
22	4	16	4	0.8	3.1727	13	2.6	0.48116	0.6	43	2	0.77439	0
22	4	17	4	0.8	3.0916	13	2.2	5.8427	0.6	36	2	0.71084	0
22	4	18	4	0.8	1.6536	13	3	3.3289	0.6	49	2	0.56541	49
22	4	19	4	0.8	0.9248	13	2.6	2.5019	0.6	43	2	0.5177	43
22	4	20	4	0.8	1.4911	13	1.8	5.0964	0.6	29	2	0.70947	0
22	4	21	4	0.8	1.7101	13	2.2	5.0569	0.6	36	2	0.6791	0
22	4	22	4	0.8	3.0162	13	1.8	0.4406	0.6	29	2	0.39133	29
22	4	23	4	0.8	4.7424	13	1.8	1.138	0.6	29	2	0.4392	29
22	4	24	4	0.8	3.5384	13	1.4	1.3696	0.6	23	2	0.38975	23
22	4	25	4	0.8	0.49741	13	2.2	4.2332	0.6	36	2	0.36662	36
22	4	26	4	0.8	3.8996	13	3	0.987	0.6	49	2	0.7731	0
22	4	27	4	0.8	5.0261	13	1.4	2.5441	0.6	23	2	0.39715	23
22	4	28	4	0.8	3.9949	13	2.6	0.44246	0.6	43	2	0.799	0
22	4	29	4	0.8	5.7613	13	1	2.5765	0.6	16	2	0.45443	16
22	4	30	4	0.8	1.59	13	2.2	3.8232	0.6	36	1	0.34888	13
22	4	31	4	0.8	3.2435	13	1	4.875	0.6	16	1	0.33543	13
22	4	32	4	0.8	0.79257	13	2.2	4.4519	0.6	36	1	0.3422	13
22	4	33	4	0.8	2.0677	13	1.4	3.6879	0.6	23	1	0.35773	13
22	4	34	4	0.8	5.8224	13	1.8	3.8943	0.6	29	1	0.44551	13
22	4	35	4	0.8	1.8762	13	2.2	5.8667	0.6	36	1	0.34252	13
22	4	36	4	0.8	1.7551	13	1	3.431	0.6	16	1	0.70261	0
];

