% risk_exp2_subject_23

d1 = [23	1	1	1	0.8	5.2424	8	2.2	3.3993	0.9	24	1	2.9904	0
23	1	2	1	0.8	2.9525	8	2.2	0.83335	0.9	24	2	2.0473	0
23	1	3	1	0.8	5.2852	8	1.4	2.1971	0.9	15	2	0.7428	15
23	1	4	1	0.8	5.5791	8	3	3.3208	0.9	33	2	1.1506	0
23	1	5	1	0.8	2.9783	8	2.6	5.3549	0.9	28	1	1.7181	0
23	1	6	1	0.8	4.4877	8	1.8	2.2167	0.9	20	2	0.84627	20
23	1	7	1	0.8	0.4187	8	1.4	4.2246	0.9	15	2	0.88544	15
23	1	8	1	0.8	1.4755	8	3	5.6457	0.9	33	2	1.0298	0
23	1	9	1	0.8	1.1464	8	2.6	4.3224	0.9	28	2	0.78909	28
23	1	10	1	0.8	3.6438	8	1	1.2302	0.9	11	2	0.62811	11
23	1	11	1	0.8	4.0025	8	3	0.96093	0.9	33	2	0.87914	33
23	1	12	1	0.8	2.6564	8	3	5.8225	0.9	33	2	1.039	0
23	1	13	1	0.8	4.7569	8	3	1.7628	0.9	33	2	0.83866	33
23	1	14	1	0.8	3.5395	8	1.8	5.6477	0.9	20	2	0.76662	20
23	1	15	1	0.8	2.2305	8	2.6	5.6912	0.9	28	2	0.86171	28
23	1	16	1	0.8	3.3297	8	2.2	5.0929	0.9	24	2	0.83722	24
23	1	17	1	0.8	4.7195	8	2.2	2.9072	0.9	24	2	1.2616	0
23	1	18	1	0.8	5.472	8	2.6	0.62397	0.9	28	2	0.78017	28
23	1	19	1	0.8	3.0021	8	1.4	4.9908	0.9	15	2	0.58133	15
23	1	20	1	0.8	2.7182	8	1	0.78585	0.9	11	2	0.58894	11
23	1	21	1	0.8	2.369	8	1.4	0.60754	0.9	15	2	0.78229	15
23	1	22	1	0.8	5.164	8	1.8	2.9088	0.9	20	2	0.86225	20
23	1	23	1	0.8	3.8633	8	2.2	1.7024	0.9	24	2	0.80991	24
23	1	24	1	0.8	3.2817	8	1.8	0.88822	0.9	20	2	0.85453	20
23	1	25	1	0.8	0.67302	8	1	3.4912	0.9	11	2	0.57379	11
23	1	26	1	0.8	1.9251	8	1.4	3.7171	0.9	15	2	0.74182	15
23	1	27	1	0.8	2.261	8	2.2	5.7291	0.9	24	2	0.68548	24
23	1	28	1	0.8	1.3605	8	2.6	4.8239	0.9	28	2	1.238	0
23	1	29	1	0.8	5.8136	8	1.4	3.9784	0.9	15	2	0.60428	15
23	1	30	1	0.8	5.069	8	1	0.43901	0.9	11	2	0.76491	11
23	1	31	1	0.8	2.5657	8	1	0.61986	0.9	11	2	0.55824	11
23	1	32	1	0.8	4.071	8	3	0.75902	0.9	33	2	0.59905	33
23	1	33	1	0.8	3.2901	8	1	5.775	0.9	11	2	0.49589	11
23	1	34	1	0.8	1.8567	8	1.8	5.0829	0.9	20	2	0.86205	20
23	1	35	1	0.8	1.3897	8	1.8	5.2507	0.9	20	2	0.62949	20
23	1	36	1	0.8	3.5466	8	2.6	1.4502	0.9	28	2	0.63755	28
];

d2 = [23	2	1	2	0.8	2.2124	10	2.2	3.9353	0.8	27	2	0.66238	27
23	2	2	2	0.8	1.9667	10	2.2	5.7472	0.8	27	2	0.74276	27
23	2	3	2	0.8	2.3783	10	1.4	5.8408	0.8	17	2	0.58209	17
23	2	4	2	0.8	1.3174	10	3	5.8609	0.8	37	2	0.73365	37
23	2	5	2	0.8	0.9434	10	2.6	4.4234	0.8	32	2	0.65365	32
23	2	6	2	0.8	5.6457	10	1.8	2.8922	0.8	22	2	0.94973	0
23	2	7	2	0.8	0.87707	10	1.4	3.8066	0.8	17	2	0.59816	17
23	2	8	2	0.8	5.6158	10	3	1.2049	0.8	37	2	0.75807	37
23	2	9	2	0.8	4.0265	10	2.6	2.2736	0.8	32	2	0.74929	32
23	2	10	2	0.8	3.3142	10	1	5.57	0.8	12	2	0.62981	12
23	2	11	2	0.8	0.85065	10	3	5.5626	0.8	37	2	0.89436	0
23	2	12	2	0.8	3.008	10	3	5.326	0.8	37	2	0.63966	37
23	2	13	2	0.8	3.3679	10	3	1.6724	0.8	37	2	0.79065	37
23	2	14	2	0.8	3.361	10	1.8	0.86864	0.8	22	2	1.1257	0
23	2	15	2	0.8	5.5753	10	2.6	1.1804	0.8	32	2	0.96624	0
23	2	16	2	0.8	4.5459	10	2.2	1.7	0.8	27	2	0.9346	0
23	2	17	2	0.8	2.9571	10	2.2	0.48246	0.8	27	2	0.85307	0
23	2	18	2	0.8	2.309	10	2.6	4.1736	0.8	32	2	0.88516	0
23	2	19	2	0.8	1.8954	10	1.4	4.0242	0.8	17	1	0.41369	10
23	2	20	2	0.8	2.4842	10	1	0.69812	0.8	12	1	0.36561	10
23	2	21	2	0.8	4.5972	10	1.4	1.4571	0.8	17	1	0.55135	10
23	2	22	2	0.8	1.7737	10	1.8	4.0455	0.8	22	1	0.37472	10
23	2	23	2	0.8	3.8264	10	2.2	1.1867	0.8	27	1	0.40656	10
23	2	24	2	0.8	1.7502	10	1.8	4.9166	0.8	22	1	0.7423	10
23	2	25	2	0.8	1.8509	10	1	4.7294	0.8	12	1	0.55815	10
23	2	26	2	0.8	4.2331	10	1.4	2.5464	0.8	17	1	0.55782	10
23	2	27	2	0.8	2.2485	10	2.2	5.0041	0.8	27	1	0.55826	10
23	2	28	2	0.8	2.827	10	2.6	5.4069	0.8	32	1	0.52599	10
23	2	29	2	0.8	3.9452	10	1.4	1.6505	0.8	17	1	0.52561	10
23	2	30	2	0.8	4.1035	10	1	1.4608	0.8	12	1	0.76541	10
23	2	31	2	0.8	1.8469	10	1	4.8274	0.8	12	1	0.89486	0
23	2	32	2	0.8	4.7739	10	3	0.62219	0.8	37	1	0.43383	10
23	2	33	2	0.8	3.0087	10	1	4.6291	0.8	12	1	0.49456	10
23	2	34	2	0.8	2.2811	10	1.8	4.9859	0.8	22	1	0.5584	10
23	2	35	2	0.8	4.4178	10	1.8	1.5581	0.8	22	1	0.59833	10
23	2	36	2	0.8	4.4251	10	2.6	0.80714	0.8	32	1	1.0864	0
];

d3 = [23	3	1	3	0.8	5.2491	11	2.2	0.56901	0.7	31	2	0.90274	0
23	3	2	3	0.8	2.2083	11	2.2	5.0138	0.7	31	1	0.44705	11
23	3	3	3	0.8	1.2273	11	1.4	3.5653	0.7	19	1	0.47057	11
23	3	4	3	0.8	4.5775	11	3	0.53151	0.7	42	1	0.4879	11
23	3	5	3	0.8	1.8072	11	2.6	4.922	0.7	37	1	0.34222	11
23	3	6	3	0.8	2.8453	11	1.8	5.0684	0.7	25	1	0.60663	11
23	3	7	3	0.8	5.7188	11	1.4	3.9605	0.7	19	1	0.7661	0
23	3	8	3	0.8	5.5961	11	3	3.7395	0.7	42	2	1.0306	0
23	3	9	3	0.8	3.7397	11	2.6	0.60295	0.7	37	1	0.91757	0
23	3	10	3	0.8	1.4568	11	1	4.752	0.7	14	1	0.59646	11
23	3	11	3	0.8	2.9196	11	3	0.84623	0.7	42	1	0.759	0
23	3	12	3	0.8	2.4297	11	3	5.118	0.7	42	1	0.34237	11
23	3	13	3	0.8	5.2424	11	3	3.3993	0.7	42	1	0.50228	11
23	3	14	3	0.8	0.95156	11	1.8	3.8243	0.7	25	1	0.67112	11
23	3	15	3	0.8	3.7171	11	2.6	0.96449	0.7	37	1	0.46338	11
23	3	16	3	0.8	5.316	11	2.2	1.3899	0.7	31	1	0.58193	11
23	3	17	3	0.8	3.1031	11	2.2	1.4926	0.7	31	1	0.56571	11
23	3	18	3	0.8	2.4755	11	2.6	5.1913	0.7	37	1	0.40644	11
23	3	19	3	0.8	4.2241	11	1.4	5.8736	0.7	19	1	0.54997	11
23	3	20	3	0.8	4.0328	11	1	0.77461	0.7	14	1	0.58974	11
23	3	21	3	0.8	4.689	11	1.4	1.4571	0.7	19	1	0.45491	11
23	3	22	3	0.8	1.2763	11	1.8	4.3098	0.7	25	1	0.34297	11
23	3	23	3	0.8	4.8266	11	2.2	2.6477	0.7	31	1	0.39876	11
23	3	24	3	0.8	1.4229	11	1.8	5.109	0.7	25	1	0.83024	0
23	3	25	3	0.8	2.6547	11	1	0.84132	0.7	14	1	0.79834	0
23	3	26	3	0.8	2.5464	11	1.4	4.7238	0.7	19	1	0.40628	11
23	3	27	3	0.8	4.583	11	2.2	1.3152	0.7	31	1	0.58946	11
23	3	28	3	0.8	4.6681	11	2.6	0.85096	0.7	37	1	0.60561	11
23	3	29	3	0.8	2.0137	11	1.4	0.4187	0.7	19	1	0.41372	11
23	3	30	3	0.8	1.1818	11	1	4.2841	0.7	14	1	0.51786	11
23	3	31	3	0.8	1.4401	11	1	3.1185	0.7	14	1	0.36695	11
23	3	32	3	0.8	2.2573	11	3	4.3947	0.7	42	1	0.39112	11
23	3	33	3	0.8	1.3096	11	1	2.9446	0.7	14	1	0.38281	11
23	3	34	3	0.8	3.8624	11	1.8	1.2302	0.7	25	1	0.34263	11
23	3	35	3	0.8	1.2189	11	1.8	4.2445	0.7	25	1	0.38987	11
23	3	36	3	0.8	5.4852	11	2.6	1.5581	0.7	37	1	0.39799	11
];

d4 = [23	4	1	4	0.8	1.587	13	2.2	5.4522	0.6	36	1	0.61397	0
23	4	2	4	0.8	4.7776	13	2.2	0.84082	0.6	36	2	0.69512	0
23	4	3	4	0.8	2.2355	13	1.4	4.8711	0.6	23	1	0.56638	13
23	4	4	4	0.8	0.77843	13	3	4.6801	0.6	49	1	0.39871	13
23	4	5	4	0.8	3.6916	13	2.6	1.2273	0.6	43	1	0.31846	13
23	4	6	4	0.8	2.8922	13	1.8	5.6831	0.6	29	1	0.65291	0
23	4	7	4	0.8	2.9065	13	1.4	5.2287	0.6	23	1	0.38181	13
23	4	8	4	0.8	1.8193	13	3	3.7747	0.6	49	1	0.34082	13
23	4	9	4	0.8	0.53293	13	2.6	3.278	0.6	43	1	0.77384	0
23	4	10	4	0.8	0.87224	13	1	2.7553	0.6	16	1	0.48559	13
23	4	11	4	0.8	1.5507	13	3	5.5428	0.6	49	1	0.63056	0
23	4	12	4	0.8	5.1521	13	3	2.5336	0.6	49	1	0.46296	13
23	4	13	4	0.8	1.192	13	3	3.9065	0.6	49	1	0.50263	13
23	4	14	4	0.8	4.8085	13	1.8	2.5546	0.6	29	1	0.43079	13
23	4	15	4	0.8	2.9282	13	2.6	4.534	0.6	43	1	0.45442	13
23	4	16	4	0.8	5.4258	13	2.2	3.2967	0.6	36	1	0.4145	13
23	4	17	4	0.8	5.8215	13	2.2	1.8072	0.6	36	1	0.64597	0
23	4	18	4	0.8	0.67302	13	2.6	5.4918	0.6	43	1	0.74954	0
23	4	19	4	0.8	3.7171	13	1.4	0.96449	0.6	23	1	0.42947	13
23	4	20	4	0.8	1.4713	13	1	5.316	0.6	16	1	0.30953	13
23	4	21	4	0.8	1.8188	13	1.4	5.1991	0.6	23	1	0.28652	13
23	4	22	4	0.8	5.3362	13	1.8	1.3925	0.6	29	1	0.42245	13
23	4	23	4	0.8	5.2214	13	2.2	3.481	0.6	36	1	0.6228	0
23	4	24	4	0.8	4.0218	13	1.8	5.646	0.6	29	1	0.35023	13
23	4	25	4	0.8	0.90491	13	1	4.6232	0.6	16	1	0.30212	13
23	4	26	4	0.8	1.9437	13	1.4	4.2693	0.6	23	1	0.30286	13
23	4	27	4	0.8	2.7071	13	2.2	4.3098	0.6	36	1	0.7181	0
23	4	28	4	0.8	0.72783	13	2.6	2.5029	0.6	43	1	0.31759	13
23	4	29	4	0.8	5.381	13	1.4	1.96	0.6	23	1	0.46997	13
23	4	30	4	0.8	1.304	13	1	5.0563	0.6	16	1	0.54994	13
23	4	31	4	0.8	4.6068	13	1	1.0327	0.6	16	1	0.40719	13
23	4	32	4	0.8	5.8322	13	3	1.7033	0.6	49	1	0.38317	13
23	4	33	4	0.8	0.8293	13	1	2.4122	0.6	16	1	0.42289	13
23	4	34	4	0.8	2.6743	13	1.8	5.494	0.6	29	1	0.39856	13
23	4	35	4	0.8	4.3326	13	1.8	1.1156	0.6	29	1	0.48605	13
23	4	36	4	0.8	5.3435	13	2.6	0.69545	0.6	43	1	0.38255	13
];

