% risk_exp2_subject_16

d1 = [16	1	1	1	0.8	1.5333	8	2.2	3.8526	0.9	24	2	0.94602	0
16	1	2	1	0.8	3.9336	8	2.6	0.50905	0.9	28	1	0.6587	8
16	1	3	1	0.8	4.8894	8	1.4	2.8278	0.9	15	2	0.89521	15
16	1	4	1	0.8	4.7222	8	3	0.48729	0.9	33	2	1.0399	0
16	1	5	1	0.8	4.8406	8	1	3.1124	0.9	11	2	0.50259	11
16	1	6	1	0.8	1.9995	8	1.4	4.1035	0.9	15	2	0.60587	15
16	1	7	1	0.8	1.3316	8	3	4.8274	0.9	33	1	0.51016	8
16	1	8	1	0.8	1.1271	8	3	3.4933	0.9	33	1	0.53376	8
16	1	9	1	0.8	0.67547	8	1.8	3.6438	0.9	20	2	0.58208	20
16	1	10	1	0.8	4.6543	8	1	2.9961	0.9	11	2	0.69251	11
16	1	11	1	0.8	3.6002	8	1	5.302	0.9	11	2	0.64686	11
16	1	12	1	0.8	3.5051	8	2.6	0.4302	0.9	28	2	0.86595	28
16	1	13	1	0.8	4.9336	8	3	0.64688	0.9	33	2	0.79711	33
16	1	14	1	0.8	5.5305	8	2.2	3.6117	0.9	24	2	0.70209	24
16	1	15	1	0.8	1.7298	8	2.2	4.89	0.9	24	1	0.34267	8
16	1	16	1	0.8	3.6931	8	1.4	1.3223	0.9	15	2	0.61361	15
16	1	17	1	0.8	2.2527	8	1.8	4.5775	0.9	20	2	0.59834	20
16	1	18	1	0.8	4.922	8	2.6	1.043	0.9	28	2	0.60428	28
16	1	19	1	0.8	5.5801	8	1.4	2.1624	0.9	15	2	0.44554	15
16	1	20	1	0.8	2.1211	8	3	4.0882	0.9	33	2	0.66129	33
16	1	21	1	0.8	5.1318	8	2.6	3.375	0.9	28	2	0.64591	28
16	1	22	1	0.8	4.7138	8	1.4	1.7243	0.9	15	2	0.37477	15
16	1	23	1	0.8	4.0037	8	2.2	0.94594	0.9	24	2	0.51801	24
16	1	24	1	0.8	5.1678	8	1	0.90262	0.9	11	2	0.59002	11
16	1	25	1	0.8	4.0432	8	2.2	0.87346	0.9	24	2	1.0863	0
16	1	26	1	0.8	5.5316	8	1.8	3.0054	0.9	20	1	0.40634	8
16	1	27	1	0.8	5.6175	8	1	1.7591	0.9	11	2	0.5625	11
16	1	28	1	0.8	2.2011	8	3	4.7507	0.9	33	1	0.54745	8
16	1	29	1	0.8	0.67874	8	1.8	5.1078	0.9	20	2	0.65249	20
16	1	30	1	0.8	1.3943	8	2.6	3.2622	0.9	28	2	0.78736	28
16	1	31	1	0.8	4.1979	8	1.8	2.4114	0.9	20	2	0.55563	20
16	1	32	1	0.8	4.2496	8	2.6	1.9105	0.9	28	2	0.55909	28
16	1	33	1	0.8	2.1096	8	1.8	4.4116	0.9	20	1	1.5427	0
16	1	34	1	0.8	1.7098	8	1	4.0913	0.9	11	2	0.4934	11
16	1	35	1	0.8	0.82671	8	2.2	5.63	0.9	24	2	0.99774	0
16	1	36	1	0.8	3.0838	8	1.4	5.7566	0.9	15	2	0.57411	15
];

d2 = [16	2	1	2	0.8	5.5145	10	2.2	3.6144	0.8	27	2	0.46296	27
16	2	2	2	0.8	3.367	10	2.6	1.7091	0.8	32	2	0.48595	32
16	2	3	2	0.8	0.74434	10	1.4	5.1002	0.8	17	2	0.42998	17
16	2	4	2	0.8	0.41105	10	3	4.9976	0.8	37	2	0.93558	0
16	2	5	2	0.8	4.1292	10	1	2.5068	0.8	12	2	0.33329	12
16	2	6	2	0.8	0.77222	10	1.4	3.7291	0.8	17	1	0.30188	10
16	2	7	2	0.8	3.0664	10	3	5.0116	0.8	37	2	0.66949	37
16	2	8	2	0.8	1.9323	10	3	4.7424	0.8	37	1	0.51707	10
16	2	9	2	0.8	5.5017	10	1.8	3.8878	0.8	22	2	0.54877	22
16	2	10	2	0.8	0.9359	10	1	5.4994	0.8	12	2	0.43784	12
16	2	11	2	0.8	2.1242	10	1	5.419	0.8	12	2	0.5197	12
16	2	12	2	0.8	2.7149	10	2.6	5.2155	0.8	32	2	0.87549	0
16	2	13	2	0.8	1.961	10	3	5.781	0.8	37	1	0.26982	10
16	2	14	2	0.8	1.6582	10	2.2	5.5005	0.8	27	2	0.58262	27
16	2	15	2	0.8	3.6494	10	2.2	1.2134	0.8	27	2	0.52633	27
16	2	16	2	0.8	3.9406	10	1.4	2.2833	0.8	17	2	0.69613	17
16	2	17	2	0.8	3.2106	10	1.8	1.6004	0.8	22	2	0.34934	22
16	2	18	2	0.8	2.5129	10	2.6	0.45315	0.8	32	2	0.62879	32
16	2	19	2	0.8	3.3679	10	1.4	1.6724	0.8	17	2	0.32533	17
16	2	20	2	0.8	0.51456	10	3	3.3048	0.8	37	2	0.83576	0
16	2	21	2	0.8	0.50506	10	2.6	2.7287	0.8	32	2	0.81515	0
16	2	22	2	0.8	4.8444	10	1.4	2.25	0.8	17	2	0.67878	17
16	2	23	2	0.8	1.8676	10	2.2	5.6867	0.8	27	2	0.75095	27
16	2	24	2	0.8	1.504	10	1	4.0781	0.8	12	2	0.39001	12
16	2	25	2	0.8	1.0411	10	2.2	3.9465	0.8	27	2	0.55867	27
16	2	26	2	0.8	1.2747	10	1.8	4.5823	0.8	22	2	0.36688	22
16	2	27	2	0.8	4.6728	10	1	0.95006	0.8	12	2	0.43879	12
16	2	28	2	0.8	2.2475	10	3	4.5782	0.8	37	2	0.50127	37
16	2	29	2	0.8	4.3726	10	1.8	2.7765	0.8	22	2	0.47647	22
16	2	30	2	0.8	4.1254	10	2.6	5.7662	0.8	32	2	0.96598	0
16	2	31	2	0.8	3.6052	10	1.8	0.82671	0.8	22	2	0.35133	22
16	2	32	2	0.8	3.627	10	2.6	1.2399	0.8	32	2	0.57412	32
16	2	33	2	0.8	3.5344	10	1.8	0.57276	0.8	22	2	0.56651	22
16	2	34	2	0.8	4.4968	10	1	2.6326	0.8	12	2	0.26158	12
16	2	35	2	0.8	3.599	10	2.2	0.94348	0.8	27	2	0.56579	27
16	2	36	2	0.8	1.4423	10	1.4	4.264	0.8	17	2	0.48571	17
];

d3 = [16	3	1	3	0.8	4.7309	11	2.2	1.0794	0.7	31	2	0.42194	31
16	3	2	3	0.8	2.8372	11	2.6	5.4664	0.7	37	2	0.65453	37
16	3	3	3	0.8	0.56157	11	1.4	2.3774	0.7	19	2	0.28629	19
16	3	4	3	0.8	1.1149	11	3	5.3863	0.7	42	1	0.27034	11
16	3	5	3	0.8	2.053	11	1	5.7416	0.7	14	2	0.63012	14
16	3	6	3	0.8	1.0038	11	1.4	5.7565	0.7	19	2	0.43829	19
16	3	7	3	0.8	3.2906	11	3	5.3301	0.7	42	1	0.27696	11
16	3	8	3	0.8	4.1989	11	3	1.4168	0.7	42	2	0.5728	42
16	3	9	3	0.8	1.2408	11	1.8	2.8421	0.7	25	2	0.47643	25
16	3	10	3	0.8	2.2699	11	1	4.0379	0.7	14	2	0.27728	14
16	3	11	3	0.8	5.7334	11	1	1.0053	0.7	14	2	0.64703	14
16	3	12	3	0.8	2.6038	11	2.6	5.8187	0.7	37	2	0.63042	37
16	3	13	3	0.8	4.4976	11	3	0.85333	0.7	42	2	0.53471	42
16	3	14	3	0.8	0.57818	11	2.2	2.9131	0.7	31	2	0.5419	31
16	3	15	3	0.8	1.0296	11	2.2	3.2521	0.7	31	2	0.52635	31
16	3	16	3	0.8	1.2127	11	1.4	5.2859	0.7	19	2	0.54188	19
16	3	17	3	0.8	1.0481	11	1.8	4.4658	0.7	25	2	0.6612	25
16	3	18	3	0.8	0.95175	11	2.6	4.0208	0.7	37	2	0.57148	37
16	3	19	3	0.8	4.7863	11	1.4	1.9531	0.7	19	2	0.44448	19
16	3	20	3	0.8	2.5715	11	3	4.366	0.7	42	2	0.94954	0
16	3	21	3	0.8	3.5266	11	2.6	1.2352	0.7	37	2	0.66171	37
16	3	22	3	0.8	5.6907	11	1.4	1.5561	0.7	19	2	0.23822	19
16	3	23	3	0.8	0.62261	11	2.2	5.835	0.7	31	2	0.71955	0
16	3	24	3	0.8	4.9778	11	1	1.1433	0.7	14	2	0.25317	14
16	3	25	3	0.8	4.1912	11	2.2	0.42204	0.7	31	2	0.46999	31
16	3	26	3	0.8	4.8727	11	1.8	1.8343	0.7	25	2	0.50068	25
16	3	27	3	0.8	5.3766	11	1	0.70047	0.7	14	2	0.27667	14
16	3	28	3	0.8	5.148	11	3	2.5878	0.7	42	2	0.58875	42
16	3	29	3	0.8	4.2261	11	1.8	2.5057	0.7	25	2	0.2612	25
16	3	30	3	0.8	3.256	11	2.6	0.59456	0.7	37	2	0.74854	0
16	3	31	3	0.8	2.3797	11	1.8	5.3918	0.7	25	1	0.26269	11
16	3	32	3	0.8	1.7603	11	2.6	3.7305	0.7	37	2	0.58111	37
16	3	33	3	0.8	5.2774	11	1.8	0.93848	0.7	25	2	0.57421	25
16	3	34	3	0.8	5.6373	11	1	0.89406	0.7	14	2	0.22958	14
16	3	35	3	0.8	4.9403	11	2.2	2.102	0.7	31	2	0.50914	31
16	3	36	3	0.8	2.6326	11	1.4	4.7478	0.7	19	2	0.47757	19
];

d4 = [16	4	1	4	0.8	2.0708	13	2.2	4.4472	0.6	36	2	0.55062	36
16	4	2	4	0.8	5.0514	13	2.6	3.3436	0.6	43	2	0.51903	43
16	4	3	4	0.8	2.8024	13	1.4	0.66626	0.6	23	2	0.29287	23
16	4	4	4	0.8	4.7876	13	3	2.7175	0.6	49	2	0.76727	0
16	4	5	4	0.8	0.762	13	1	4.3263	0.6	16	2	0.28653	16
16	4	6	4	0.8	5.4412	13	1.4	2.2532	0.6	23	2	0.67728	0
16	4	7	4	0.8	2.791	13	3	4.8315	0.6	49	2	0.4214	49
16	4	8	4	0.8	4.792	13	3	2.5468	0.6	49	2	0.81236	0
16	4	9	4	0.8	4.0174	13	1.8	5.7766	0.6	29	2	0.81271	0
16	4	10	4	0.8	2.9424	13	1	0.93987	0.6	16	2	0.26105	16
16	4	11	4	0.8	5.6855	13	1	0.9331	0.6	16	2	0.28812	16
16	4	12	4	0.8	4.6855	13	2.6	3.0088	0.6	43	2	0.518	43
16	4	13	4	0.8	4.9573	13	3	2.8207	0.6	49	2	0.62178	0
16	4	14	4	0.8	3.4747	13	2.2	5.4476	0.6	36	2	0.38247	36
16	4	15	4	0.8	1.1127	13	2.2	3.7774	0.6	36	2	0.6453	0
16	4	16	4	0.8	2.2854	13	1.4	4.9388	0.6	23	1	0.22243	13
16	4	17	4	0.8	3.3775	13	1.8	0.55332	0.6	29	2	0.85326	0
16	4	18	4	0.8	4.2741	13	2.6	1.3727	0.6	43	2	0.74819	0
16	4	19	4	0.8	2.1933	13	1.4	4.7593	0.6	23	2	0.25437	23
16	4	20	4	0.8	5.8639	13	3	2.0712	0.6	49	2	0.56482	49
16	4	21	4	0.8	2.8905	13	2.6	5.5546	0.6	43	1	0.33483	13
16	4	22	4	0.8	1.2091	13	1.4	3.3677	0.6	23	1	0.27056	13
16	4	23	4	0.8	4.0868	13	2.2	1.2833	0.6	36	1	0.28631	13
16	4	24	4	0.8	5.4572	13	1	2.0464	0.6	16	1	0.27717	13
16	4	25	4	0.8	4.2513	13	2.2	1.5754	0.6	36	2	0.4709	36
16	4	26	4	0.8	2.0534	13	1.8	4.0678	0.6	29	2	0.65529	0
16	4	27	4	0.8	4.2188	13	1	0.86233	0.6	16	1	0.25313	13
16	4	28	4	0.8	0.94132	13	3	4.6838	0.6	49	1	0.2779	13
16	4	29	4	0.8	4.4525	13	1.8	0.97819	0.6	29	2	0.30084	29
16	4	30	4	0.8	1.5135	13	2.6	4.7699	0.6	43	1	0.22122	13
16	4	31	4	0.8	0.67057	13	1.8	3.2861	0.6	29	2	0.23057	29
16	4	32	4	0.8	4.6943	13	2.6	2.2162	0.6	43	1	1.5564	0
16	4	33	4	0.8	3.9868	13	1.8	0.59456	0.6	29	2	0.46191	29
16	4	34	4	0.8	2.2535	13	1	5.5019	0.6	16	2	0.2138	16
16	4	35	4	0.8	2.475	13	2.2	4.402	0.6	36	1	0.22148	13
16	4	36	4	0.8	0.43629	13	1.4	2.0831	0.6	23	2	0.52488	23
];

