% risk_exp2_subject_03

d1 = [3	1	1	1	0.8	2.9537	8	3	4.5735	0.9	33	2	0.93435	0
3	1	2	1	0.8	4.0976	8	1	1.8809	0.9	11	1	0.49575	8
3	1	3	1	0.8	1.2587	8	2.6	4.3055	0.9	28	2	0.71812	28
3	1	4	1	0.8	4.5788	8	1.4	0.77965	0.9	15	2	1.2469	0
3	1	5	1	0.8	5.7458	8	2.6	2.0259	0.9	28	1	0.48507	8
3	1	6	1	0.8	1.6756	8	2.2	4.6329	0.9	24	2	0.44626	24
3	1	7	1	0.8	2.0922	8	1.8	4.5663	0.9	20	2	0.53981	20
3	1	8	1	0.8	0.48257	8	1	4.5318	0.9	11	2	0.58938	11
3	1	9	1	0.8	2.1228	8	1.4	3.8087	0.9	15	2	0.5657	15
3	1	10	1	0.8	4.8518	8	1.8	1.8603	0.9	20	2	0.6052	20
3	1	11	1	0.8	2.1647	8	1.4	3.8905	0.9	15	2	0.5424	15
3	1	12	1	0.8	2.2822	8	2.2	4.5955	0.9	24	2	0.5345	24
3	1	13	1	0.8	2.5449	8	1.8	5.4845	0.9	20	2	1.0539	0
3	1	14	1	0.8	5.1836	8	2.6	2.053	0.9	28	2	0.63993	28
3	1	15	1	0.8	0.46611	8	1	2.822	0.9	11	2	0.529	11
3	1	16	1	0.8	3.1349	8	1	1.552	0.9	11	2	0.44674	11
3	1	17	1	0.8	2.2458	8	2.6	4.1642	0.9	28	2	0.55838	28
3	1	18	1	0.8	1.9078	8	3	5.4042	0.9	33	2	0.83044	33
3	1	19	1	0.8	1.9515	8	1.8	4.6625	0.9	20	2	0.5013	20
3	1	20	1	0.8	2.8274	8	3	5.7145	0.9	33	2	0.8365	33
3	1	21	1	0.8	2.8842	8	1.8	1.0906	0.9	20	2	0.50253	20
3	1	22	1	0.8	1.2127	8	2.2	5.2859	0.9	24	2	0.68733	24
3	1	23	1	0.8	4.4601	8	2.2	0.86685	0.9	24	2	0.5425	24
3	1	24	1	0.8	0.95175	8	2.2	4.0208	0.9	24	2	0.64622	24
3	1	25	1	0.8	3.244	8	1	0.5162	0.9	11	2	0.33451	11
3	1	26	1	0.8	2.8905	8	1.4	5.5546	0.9	15	2	0.42156	15
3	1	27	1	0.8	0.86407	8	1.8	2.6941	0.9	20	2	0.53399	20
3	1	28	1	0.8	3.1	8	3	5.8114	0.9	33	2	1.0021	0
3	1	29	1	0.8	1.5754	8	3	3.7857	0.9	33	2	0.60528	33
3	1	30	1	0.8	3.2063	8	2.2	5.1893	0.9	24	2	0.68531	24
3	1	31	1	0.8	1.6365	8	3	5.8244	0.9	33	2	0.75111	33
3	1	32	1	0.8	0.40662	8	1	2.4143	0.9	11	2	0.86237	11
3	1	33	1	0.8	5.0476	8	1.4	3.153	0.9	15	2	0.76518	15
3	1	34	1	0.8	1.4013	8	2.6	4.8454	0.9	28	2	0.67783	28
3	1	35	1	0.8	4.7208	8	2.6	2.9767	0.9	28	2	0.72611	28
3	1	36	1	0.8	5.7129	8	1.4	3.9868	0.9	15	2	0.55828	15
];

d2 = [3	2	1	2	0.8	4.8776	10	3	2.2744	0.8	37	2	0.49453	37
3	2	2	2	0.8	2.4286	10	1	4.1642	0.8	12	1	0.39894	10
3	2	3	2	0.8	1.5474	10	2.6	5.7941	0.8	32	2	0.56589	32
3	2	4	2	0.8	5.5017	10	1.4	2.5916	0.8	17	2	0.51082	17
3	2	5	2	0.8	0.59367	10	2.6	3.0684	0.8	32	2	0.55108	32
3	2	6	2	0.8	5.003	10	2.2	3.4238	0.8	27	2	0.56569	27
3	2	7	2	0.8	3.3521	10	1.8	0.79762	0.8	22	2	0.56621	22
3	2	8	2	0.8	2.1516	10	1	3.7938	0.8	12	2	0.50259	12
3	2	9	2	0.8	1.5265	10	1.4	4.3097	0.8	17	2	0.42964	17
3	2	10	2	0.8	3.4833	10	1.8	1.0225	0.8	22	2	0.49349	22
3	2	11	2	0.8	5.7621	10	1.4	1.3665	0.8	17	2	0.36698	17
3	2	12	2	0.8	1.9425	10	2.2	4.3422	0.8	27	2	0.88702	0
3	2	13	2	0.8	1.1313	10	1.8	2.949	0.8	22	2	0.94209	0
3	2	14	2	0.8	4.2891	10	2.6	2.1489	0.8	32	2	0.57377	32
3	2	15	2	0.8	5.1163	10	1	2.4197	0.8	12	1	0.32991	10
3	2	16	2	0.8	2.5856	10	1	5.3136	0.8	12	2	0.44231	12
3	2	17	2	0.8	3.7859	10	2.6	5.6897	0.8	32	2	0.85342	0
3	2	18	2	0.8	3.4559	10	3	1.1174	0.8	37	2	0.718	37
3	2	19	2	0.8	3.9817	10	1.8	0.48241	0.8	22	2	0.54721	22
3	2	20	2	0.8	2.5357	10	3	5.2199	0.8	37	2	0.50185	37
3	2	21	2	0.8	2.3851	10	1.8	0.41874	0.8	22	2	0.57579	22
3	2	22	2	0.8	4.8497	10	2.2	2.7186	0.8	27	2	0.64707	27
3	2	23	2	0.8	0.54136	10	2.2	4.3052	0.8	27	2	0.5742	27
3	2	24	2	0.8	0.47294	10	2.2	5.5074	0.8	27	2	0.98886	0
3	2	25	2	0.8	5.4057	10	1	2.3803	0.8	12	2	0.35757	12
3	2	26	2	0.8	2.7553	10	1.4	5.639	0.8	17	2	0.86172	0
3	2	27	2	0.8	1.3953	10	1.8	4.3234	0.8	22	2	0.57309	22
3	2	28	2	0.8	3.3512	10	3	1.7317	0.8	37	2	0.60517	37
3	2	29	2	0.8	2.1212	10	3	3.8995	0.8	37	2	0.65379	37
3	2	30	2	0.8	4.8882	10	2.2	0.8206	0.8	27	2	0.50819	27
3	2	31	2	0.8	5.738	10	3	1.2239	0.8	37	2	0.4307	37
3	2	32	2	0.8	3.5884	10	1	1.7438	0.8	12	2	0.34226	12
3	2	33	2	0.8	1.2775	10	1.4	4.9691	0.8	17	2	0.55998	17
3	2	34	2	0.8	1.9949	10	2.6	3.9813	0.8	32	2	0.92637	0
3	2	35	2	0.8	5.4775	10	2.6	1.0914	0.8	32	2	0.55903	32
3	2	36	2	0.8	0.79469	10	1.4	5.6357	0.8	17	2	0.51721	17
];

d3 = [3	3	1	3	0.8	2.8939	11	3	0.61715	0.7	42	2	0.64719	42
3	3	2	3	0.8	4.1799	11	1	1.0336	0.7	14	2	0.45518	14
3	3	3	3	0.8	1.5059	11	2.6	4.4585	0.7	37	2	0.51873	37
3	3	4	3	0.8	4.8093	11	1.4	2.3918	0.7	19	2	0.37384	19
3	3	5	3	0.8	4.8723	11	2.6	0.68746	0.7	37	2	0.50761	37
3	3	6	3	0.8	5.4675	11	2.2	3.8269	0.7	31	2	0.87041	0
3	3	7	3	0.8	3.9825	11	1.8	2.1975	0.7	25	2	0.58203	25
3	3	8	3	0.8	2.0039	11	1	3.6841	0.7	14	2	0.62157	14
3	3	9	3	0.8	1.8495	11	1.4	3.9399	0.7	19	2	1.1974	0
3	3	10	3	0.8	2.8905	11	1.8	5.5223	0.7	25	2	0.50145	25
3	3	11	3	0.8	5.7032	11	1.4	3.3585	0.7	19	2	0.36715	19
3	3	12	3	0.8	2.1489	11	2.2	3.9496	0.7	31	2	0.57487	31
3	3	13	3	0.8	3.7173	11	1.8	5.5448	0.7	25	2	0.49499	25
3	3	14	3	0.8	0.97699	11	2.6	5.182	0.7	37	2	0.51229	37
3	3	15	3	0.8	0.60588	11	1	4.1439	0.7	14	2	0.45386	14
3	3	16	3	0.8	0.6175	11	1	4.1798	0.7	14	2	0.77373	0
3	3	17	3	0.8	5.0652	11	2.6	0.96115	0.7	37	2	0.6148	37
3	3	18	3	0.8	2.1175	11	3	4.9113	0.7	42	2	0.75816	0
3	3	19	3	0.8	2.6777	11	1.8	5.6785	0.7	25	2	0.51853	25
3	3	20	3	0.8	5.0539	11	3	2.1103	0.7	42	2	0.70153	0
3	3	21	3	0.8	4.476	11	1.8	0.67079	0.7	25	1	0.65467	11
3	3	22	3	0.8	2.2859	11	2.2	0.53428	0.7	31	2	0.57473	31
3	3	23	3	0.8	4.6531	11	2.2	0.56148	0.7	31	2	0.65408	31
3	3	24	3	0.8	2.5577	11	2.2	4.4068	0.7	31	2	0.46264	31
3	3	25	3	0.8	1.2036	11	1	4.8951	0.7	14	2	0.34156	14
3	3	26	3	0.8	3.4931	11	1.4	0.84004	0.7	19	2	0.35665	19
3	3	27	3	0.8	4.2841	11	1.8	2.445	0.7	25	2	0.52523	25
3	3	28	3	0.8	5.3973	11	3	0.84589	0.7	42	2	0.62135	42
3	3	29	3	0.8	1.8504	11	3	4.0697	0.7	42	2	0.72591	0
3	3	30	3	0.8	0.78128	11	2.2	5.1461	0.7	31	2	0.57301	31
3	3	31	3	0.8	4.7828	11	3	2.8177	0.7	42	2	0.72742	0
3	3	32	3	0.8	0.84991	11	1	5.6887	0.7	14	2	0.35921	14
3	3	33	3	0.8	2.1979	11	1.4	4.4174	0.7	19	2	0.50205	19
3	3	34	3	0.8	4.2649	11	2.6	1.6751	0.7	37	2	0.61421	37
3	3	35	3	0.8	5.2719	11	2.6	2.2605	0.7	37	2	0.49407	37
3	3	36	3	0.8	4.8052	11	1.4	2.3991	0.7	19	2	0.42915	19
];

d4 = [3	4	1	4	0.8	2.3345	13	3	4.1822	0.6	49	2	0.70327	0
3	4	2	4	0.8	5.8323	13	1	3.1706	0.6	16	2	0.3501	16
3	4	3	4	0.8	4.1879	13	2.6	2.2873	0.6	43	2	0.41404	43
3	4	4	4	0.8	2.6934	13	1.4	4.5679	0.6	23	2	0.39857	23
3	4	5	4	0.8	2.475	13	2.6	4.0887	0.6	43	2	0.47889	43
3	4	6	4	0.8	4.9706	13	2.2	2.5928	0.6	36	2	0.43754	36
3	4	7	4	0.8	3.8934	13	1.8	0.85318	0.6	29	2	0.50946	29
3	4	8	4	0.8	5.0468	13	1	1.1401	0.6	16	2	0.35739	16
3	4	9	4	0.8	4.1303	13	1.4	0.43816	0.6	23	2	0.70072	0
3	4	10	4	0.8	0.78585	13	1.8	4.6963	0.6	29	2	0.82958	0
3	4	11	4	0.8	1.5659	13	1.4	4.4329	0.6	23	2	0.67848	0
3	4	12	4	0.8	1.2539	13	2.2	5.8045	0.6	36	1	0.33509	13
3	4	13	4	0.8	3.2855	13	1.8	5.1624	0.6	29	1	0.25469	13
3	4	14	4	0.8	2.3985	13	2.6	5.3232	0.6	43	2	0.73399	0
3	4	15	4	0.8	0.67332	13	1	3.5138	0.6	16	2	0.72583	0
3	4	16	4	0.8	4.2188	13	1	2.2562	0.6	16	1	0.3263	13
3	4	17	4	0.8	1.6066	13	2.6	5.1828	0.6	43	1	0.2954	13
3	4	18	4	0.8	5.8427	13	3	2.5648	0.6	49	1	0.36624	13
3	4	19	4	0.8	3.6272	13	1.8	1.3627	0.6	29	2	0.35509	29
3	4	20	4	0.8	4.3337	13	3	0.42388	0.6	49	2	0.59695	49
3	4	21	4	0.8	2.2391	13	1.8	5.4742	0.6	29	2	0.80677	0
3	4	22	4	0.8	5.111	13	2.2	1.9974	0.6	36	2	0.34176	36
3	4	23	4	0.8	3.1792	13	2.2	0.8009	0.6	36	2	0.6781	0
3	4	24	4	0.8	5.7477	13	2.2	0.56848	0.6	36	2	1.0785	0
3	4	25	4	0.8	1.359	13	1	5.4057	0.6	16	2	0.35097	16
3	4	26	4	0.8	0.83957	13	1.4	5.0441	0.6	23	2	0.46266	23
3	4	27	4	0.8	5.6001	13	1.8	2.8888	0.6	29	2	0.50887	29
3	4	28	4	0.8	3.121	13	3	0.8185	0.6	49	2	0.88593	0
3	4	29	4	0.8	4.0038	13	3	1.6182	0.6	49	2	0.70081	0
3	4	30	4	0.8	1.893	13	2.2	3.8007	0.6	36	2	0.70181	0
3	4	31	4	0.8	3.1307	13	3	4.7596	0.6	49	2	0.82232	0
3	4	32	4	0.8	4.6448	13	1	0.95795	0.6	16	2	0.31769	16
3	4	33	4	0.8	4.5069	13	1.4	0.46467	0.6	23	2	0.38296	23
3	4	34	4	0.8	3.5578	13	2.6	1.8831	0.6	43	2	0.47083	43
3	4	35	4	0.8	4.0414	13	2.6	0.85133	0.6	43	2	0.81426	0
3	4	36	4	0.8	2.4436	13	1.4	5.4988	0.6	23	2	0.52539	23
];

