% risk_exp2_subject_24

d1 = [24	1	1	1	0.8	2.607	8	1.8	4.605	0.9	20	2	2.2942	0
24	1	2	1	0.8	2.9078	8	3	4.4871	0.9	33	2	1.8469	0
24	1	3	1	0.8	0.42252	8	2.6	5.2538	0.9	28	2	0.97472	0
24	1	4	1	0.8	4.0556	8	1.8	1.7101	0.9	20	2	1.31	0
24	1	5	1	0.8	5.171	8	2.6	3.0136	0.9	28	1	0.47933	8
24	1	6	1	0.8	4.0787	8	1	5.8763	0.9	11	1	0.47035	8
24	1	7	1	0.8	4.4105	8	1	0.50211	0.9	11	2	1.9535	0
24	1	8	1	0.8	4.9193	8	3	3.236	0.9	33	1	0.49365	8
24	1	9	1	0.8	5.5172	8	1.4	0.68746	0.9	15	2	0.86986	15
24	1	10	1	0.8	2.6822	8	1.8	5.4116	0.9	20	2	0.66916	20
24	1	11	1	0.8	4.2741	8	1.8	0.60638	0.9	20	2	1.223	0
24	1	12	1	0.8	0.46735	8	3	3.7626	0.9	33	2	0.94988	0
24	1	13	1	0.8	2.738	8	2.6	0.69213	0.9	28	2	0.89402	28
24	1	14	1	0.8	2.2663	8	1.4	5.3787	0.9	15	2	0.6461	15
24	1	15	1	0.8	5.407	8	1.4	2.8836	0.9	15	2	0.86021	15
24	1	16	1	0.8	5.182	8	2.2	2.0751	0.9	24	2	1.1104	0
24	1	17	1	0.8	1.151	8	2.6	3.2151	0.9	28	2	0.9743	0
24	1	18	1	0.8	1.7389	8	2.2	4.1204	0.9	24	2	1.4531	0
24	1	19	1	0.8	1.7442	8	3	5.8208	0.9	33	2	1.046	0
24	1	20	1	0.8	1.8857	8	1	5.6361	0.9	11	2	0.71771	11
24	1	21	1	0.8	5.0724	8	2.6	1.3001	0.9	28	1	0.56712	8
24	1	22	1	0.8	2.4339	8	2.2	4.5847	0.9	24	2	0.7763	24
24	1	23	1	0.8	3.6865	8	2.6	0.42578	0.9	28	2	0.94172	0
24	1	24	1	0.8	2.6547	8	2.2	0.84132	0.9	24	2	0.93383	0
24	1	25	1	0.8	4.5957	8	3	1.6402	0.9	33	2	0.9811	0
24	1	26	1	0.8	4.4969	8	3	1.6119	0.9	33	2	1.0144	0
24	1	27	1	0.8	3.2034	8	1	5.8473	0.9	11	2	1.5571	0
24	1	28	1	0.8	1.0788	8	1.4	4.6486	0.9	15	2	0.64475	15
24	1	29	1	0.8	2.4692	8	1.8	4.5606	0.9	20	2	0.80595	20
24	1	30	1	0.8	2.7396	8	1.4	4.6684	0.9	15	2	0.62015	15
24	1	31	1	0.8	4.8504	8	1.4	1.0527	0.9	15	2	0.53457	15
24	1	32	1	0.8	0.47123	8	2.2	4.1281	0.9	24	2	0.74219	24
24	1	33	1	0.8	4.201	8	1	1.0053	0.9	11	2	0.43855	11
24	1	34	1	0.8	3.0088	8	1.8	5.77	0.9	20	2	0.83766	20
24	1	35	1	0.8	5.411	8	2.2	1.0462	0.9	24	2	0.67075	24
24	1	36	1	0.8	4.0925	8	1	2.0882	0.9	11	2	0.50985	11
];

d2 = [24	2	1	2	0.8	1.7321	10	1.8	3.754	0.8	22	2	0.95104	0
24	2	2	2	0.8	4.7586	10	3	2.8338	0.8	37	2	0.92723	0
24	2	3	2	0.8	2.5844	10	2.6	5.1913	0.8	32	2	0.76625	32
24	2	4	2	0.8	2.7561	10	1.8	5.1092	0.8	22	2	0.73484	22
24	2	5	2	0.8	4.1368	10	2.6	2.556	0.8	32	2	0.93385	0
24	2	6	2	0.8	0.45933	10	1	4.145	0.8	12	2	0.48601	12
24	2	7	2	0.8	1.5633	10	1	5.7944	0.8	12	1	0.72605	10
24	2	8	2	0.8	5.3515	10	3	2.7529	0.8	37	2	1.2141	0
24	2	9	2	0.8	2.4612	10	1.4	0.67139	0.8	17	2	0.68525	17
24	2	10	2	0.8	3.3532	10	1.8	0.48729	0.8	22	2	0.58087	22
24	2	11	2	0.8	4.8988	10	1.8	3.1411	0.8	22	2	1.5101	0
24	2	12	2	0.8	5.3856	10	3	2.6589	0.8	37	2	0.83069	0
24	2	13	2	0.8	5.2538	10	2.6	1.0457	0.8	32	1	0.62206	10
24	2	14	2	0.8	1.6543	10	1.4	5.858	0.8	17	2	0.78182	17
24	2	15	2	0.8	1.3476	10	1.4	4.3344	0.8	17	2	0.65358	17
24	2	16	2	0.8	1.1875	10	2.2	5.7109	0.8	27	2	0.87788	0
24	2	17	2	0.8	0.66118	10	2.6	4.7799	0.8	32	2	0.90267	0
24	2	18	2	0.8	3.2874	10	2.2	0.48479	0.8	27	2	0.83022	0
24	2	19	2	0.8	2.6038	10	3	5.8187	0.8	37	2	0.77377	37
24	2	20	2	0.8	0.52905	10	1	5.8712	0.8	12	2	0.80581	0
24	2	21	2	0.8	5.1997	10	2.6	0.68746	0.8	32	2	0.80633	0
24	2	22	2	0.8	2.2578	10	2.2	3.886	0.8	27	2	0.72629	27
24	2	23	2	0.8	4.4598	10	2.6	1.0872	0.8	32	2	0.64624	32
24	2	24	2	0.8	0.76354	10	2.2	2.9361	0.8	27	2	0.7023	27
24	2	25	2	0.8	0.71124	10	3	4.288	0.8	37	2	0.72661	37
24	2	26	2	0.8	4.4459	10	3	1.4198	0.8	37	2	0.69371	37
24	2	27	2	0.8	0.52486	10	1	4.3058	0.8	12	2	1.3654	0
24	2	28	2	0.8	4.456	10	1.4	0.50506	0.8	17	1	0.35004	10
24	2	29	2	0.8	5.3136	10	1.8	3.5599	0.8	22	2	0.5886	22
24	2	30	2	0.8	3.1859	10	1.4	5.2043	0.8	17	1	0.59722	10
24	2	31	2	0.8	4.6838	10	1.4	0.83614	0.8	17	2	0.86293	0
24	2	32	2	0.8	1.0901	10	2.2	4.1204	0.8	27	2	0.67887	27
24	2	33	2	0.8	4.6094	10	1	1.5397	0.8	12	2	0.49452	12
24	2	34	2	0.8	2.8498	10	1.8	5.0829	0.8	22	2	0.68696	22
24	2	35	2	0.8	3.9784	10	2.2	2.1352	0.8	27	2	0.80578	0
24	2	36	2	0.8	1.6105	10	1	4.74	0.8	12	2	0.54981	12
];

d3 = [24	3	1	3	0.8	5.5803	11	1.8	3.4991	0.7	25	2	0.83091	0
24	3	2	3	0.8	4.6073	11	3	0.52377	0.7	42	2	0.8702	0
24	3	3	3	0.8	5.3317	11	2.6	1.5261	0.7	37	2	0.64408	37
24	3	4	3	0.8	3.5466	11	1.8	1.4502	0.7	25	2	0.62273	25
24	3	5	3	0.8	2.9367	11	2.6	5.332	0.7	37	2	0.87777	0
24	3	6	3	0.8	4.1535	11	1	1.1103	0.7	14	2	0.45335	14
24	3	7	3	0.8	1.3477	11	1	3.4577	0.7	14	2	0.65402	14
24	3	8	3	0.8	4.7339	11	3	0.62219	0.7	42	1	0.79782	0
24	3	9	3	0.8	2.0241	11	1.4	3.6438	0.7	19	2	0.5413	19
24	3	10	3	0.8	5.6828	11	1.8	3.9493	0.7	25	2	0.62159	25
24	3	11	3	0.8	3.6788	11	1.8	0.45308	0.7	25	2	0.70261	0
24	3	12	3	0.8	3.2587	11	3	0.73358	0.7	42	2	0.73388	0
24	3	13	3	0.8	2.6623	11	2.6	4.391	0.7	37	2	0.6462	37
24	3	14	3	0.8	5.4069	11	1.4	2.7627	0.7	19	2	0.7106	0
24	3	15	3	0.8	5.4688	11	1.4	3.4813	0.7	19	2	0.75095	0
24	3	16	3	0.8	1.1447	11	2.2	4.0418	0.7	31	2	0.63209	31
24	3	17	3	0.8	4.4401	11	2.6	1.1989	0.7	37	2	0.56392	37
24	3	18	3	0.8	0.49394	11	2.2	5.1254	0.7	31	2	0.62181	31
24	3	19	3	0.8	5.2364	11	3	1.8057	0.7	42	2	0.73322	0
24	3	20	3	0.8	1.711	11	1	4.2434	0.7	14	2	0.64323	14
24	3	21	3	0.8	3.7339	11	2.6	0.50605	0.7	37	1	0.3671	11
24	3	22	3	0.8	5.6076	11	2.2	1.2162	0.7	31	1	1.0295	0
24	3	23	3	0.8	1.2352	11	2.6	3.8706	0.7	37	2	0.63837	37
24	3	24	3	0.8	3.3998	11	2.2	5.3446	0.7	31	2	0.90265	0
24	3	25	3	0.8	3.9647	11	3	2.1427	0.7	42	2	1.4699	0
24	3	26	3	0.8	4.3723	11	3	1.0862	0.7	42	2	0.65436	42
24	3	27	3	0.8	5.2745	11	1	3.6181	0.7	14	2	0.42974	14
24	3	28	3	0.8	5.2511	11	1.4	2.6344	0.7	19	2	0.89266	0
24	3	29	3	0.8	4.2087	11	1.8	1.57	0.7	25	2	0.42902	25
24	3	30	3	0.8	0.50362	11	1.4	3.3969	0.7	19	2	1.0451	0
24	3	31	3	0.8	3.5008	11	1.4	0.69812	0.7	19	2	0.64643	19
24	3	32	3	0.8	4.8741	11	2.2	1.2584	0.7	31	2	0.7105	0
24	3	33	3	0.8	1.388	11	1	5.2852	0.7	14	2	0.43033	14
24	3	34	3	0.8	4.5807	11	1.8	0.60357	0.7	25	2	0.75872	0
24	3	35	3	0.8	0.72677	11	2.2	4.812	0.7	31	2	0.78948	0
24	3	36	3	0.8	5.2403	11	1	2.5137	0.7	14	2	0.58145	14
];

d4 = [24	4	1	4	0.8	3.3671	13	1.8	1.3233	0.6	29	2	1.0305	0
24	4	2	4	0.8	4.7107	13	3	0.73899	0.6	49	2	0.87957	0
24	4	3	4	0.8	0.49574	13	2.6	3.4577	0.6	43	2	1.7181	0
24	4	4	4	0.8	3.9581	13	1.8	1.4314	0.6	29	2	0.54199	29
24	4	5	4	0.8	0.46746	13	2.6	2.6814	0.6	43	2	0.67849	0
24	4	6	4	0.8	3.6977	13	1	1.8996	0.6	16	2	0.78882	0
24	4	7	4	0.8	5.8051	13	1	0.94682	0.6	16	2	0.52639	16
24	4	8	4	0.8	3.3642	13	3	5.7557	0.6	49	2	1.2285	0
24	4	9	4	0.8	5.4855	13	1.4	2.1553	0.6	23	2	0.55722	23
24	4	10	4	0.8	5.8323	13	1.8	1.7588	0.6	29	2	0.66968	0
24	4	11	4	0.8	3.4747	13	1.8	5.4476	0.6	29	2	1.2155	0
24	4	12	4	0.8	4.5714	13	3	2.4381	0.6	49	2	1.1191	0
24	4	13	4	0.8	0.82484	13	2.6	4.3303	0.6	43	2	0.8227	0
24	4	14	4	0.8	0.90086	13	1.4	4.2434	0.6	23	2	0.70997	0
24	4	15	4	0.8	3.2621	13	1.4	0.50605	0.6	23	2	0.66998	0
24	4	16	4	0.8	0.39872	13	2.2	3.6312	0.6	36	2	0.69428	0
24	4	17	4	0.8	4.7005	13	2.6	1.8649	0.6	43	2	0.74217	0
24	4	18	4	0.8	5.3822	13	2.2	3.4767	0.6	36	2	0.97333	0
24	4	19	4	0.8	2.9638	13	3	1.2895	0.6	49	2	0.73338	0
24	4	20	4	0.8	0.46044	13	1	3.9609	0.6	16	2	0.66945	0
24	4	21	4	0.8	1.9985	13	2.6	3.9959	0.6	43	2	0.72751	0
24	4	22	4	0.8	4.9052	13	2.2	0.41981	0.6	36	2	0.72615	0
24	4	23	4	0.8	0.63045	13	2.6	2.8729	0.6	43	2	0.78067	0
24	4	24	4	0.8	1.8315	13	2.2	4.2678	0.6	36	2	0.64584	0
24	4	25	4	0.8	3.5386	13	3	5.3996	0.6	49	2	0.83843	0
24	4	26	4	0.8	3.5131	13	3	1.0048	0.6	49	2	0.66947	0
24	4	27	4	0.8	1.3732	13	1	5.5853	0.6	16	2	0.68642	0
24	4	28	4	0.8	0.58011	13	1.4	5.2422	0.6	23	2	0.58256	23
24	4	29	4	0.8	1.9541	13	1.8	4.8634	0.6	29	2	1.0299	0
24	4	30	4	0.8	1.8567	13	1.4	5.0829	0.6	23	2	0.51776	23
24	4	31	4	0.8	1.9275	13	1.4	3.7081	0.6	23	2	0.50257	23
24	4	32	4	0.8	1.318	13	2.2	4.6127	0.6	36	2	0.73435	0
24	4	33	4	0.8	5.6091	13	1	1.8409	0.6	16	2	0.48599	16
24	4	34	4	0.8	3.1555	13	1.8	5.1934	0.6	29	2	0.7671	0
24	4	35	4	0.8	4.221	13	2.2	0.57968	0.6	36	2	0.65395	0
24	4	36	4	0.8	2.2573	13	1	4.3947	0.6	16	2	0.47766	16
];

