% risk_exp2_subject_18

d1 = [18	1	1	1	0.8	1.4265	8	3	4.0814	0.9	33	1	4.2813	0
18	1	2	1	0.8	3.7933	8	2.2	0.42298	0.9	24	1	1.0548	0
18	1	3	1	0.8	1.3007	8	1.4	3.1723	0.9	15	2	0.90357	0
18	1	4	1	0.8	1.9086	8	1.8	4.3523	0.9	20	1	0.58266	8
18	1	5	1	0.8	0.85728	8	1	5.3978	0.9	11	1	0.67023	8
18	1	6	1	0.8	3.9269	8	1.4	0.71209	0.9	15	1	0.61504	8
18	1	7	1	0.8	4.5459	8	1	1.7	0.9	11	2	0.56462	11
18	1	8	1	0.8	4.0389	8	2.2	0.97819	0.9	24	1	0.5496	8
18	1	9	1	0.8	2.6692	8	1	4.6075	0.9	11	2	0.4789	11
18	1	10	1	0.8	4.0348	8	2.2	1.2747	0.9	24	1	0.4857	8
18	1	11	1	0.8	1.9148	8	2.6	4.6728	0.9	28	1	0.39911	8
18	1	12	1	0.8	2.4303	8	1	5.6059	0.9	11	1	0.64704	8
18	1	13	1	0.8	5.7137	8	2.6	3.4632	0.9	28	1	0.8546	8
18	1	14	1	0.8	3.9483	8	1.8	1.2512	0.9	20	1	0.4142	8
18	1	15	1	0.8	4.5291	8	3	2.0981	0.9	33	1	0.43013	8
18	1	16	1	0.8	2.7563	8	2.2	4.6457	0.9	24	2	1.0394	0
18	1	17	1	0.8	3.0702	8	1.8	0.57276	0.9	20	2	0.89476	20
18	1	18	1	0.8	1.094	8	3	4.4613	0.9	33	2	0.82207	33
18	1	19	1	0.8	3.378	8	1	0.60144	0.9	11	2	0.65331	11
18	1	20	1	0.8	0.66626	8	1.4	4.9261	0.9	15	2	0.74166	15
18	1	21	1	0.8	1.5149	8	1.4	5.1002	0.9	15	2	0.64697	15
18	1	22	1	0.8	2.7157	8	1.8	4.769	0.9	20	2	0.46313	20
18	1	23	1	0.8	3.1978	8	2.6	5.4317	0.9	28	2	0.84545	28
18	1	24	1	0.8	2.1417	8	2.6	5.4286	0.9	28	2	1.0458	0
18	1	25	1	0.8	5.1384	8	1.8	2.2458	0.9	20	1	0.45869	8
18	1	26	1	0.8	4.2736	8	2.2	2.2699	0.9	24	1	0.50285	8
18	1	27	1	0.8	0.92732	8	2.6	3.4733	0.9	28	2	0.71825	28
18	1	28	1	0.8	2.3785	8	2.6	4.956	0.9	28	2	0.68095	28
18	1	29	1	0.8	5.8712	8	3	1.4265	0.9	33	2	0.75743	33
18	1	30	1	0.8	1.8761	8	1	3.849	0.9	11	2	0.49953	11
18	1	31	1	0.8	5.0061	8	3	0.6658	0.9	33	1	0.59978	8
18	1	32	1	0.8	2.0667	8	1.4	4.7855	0.9	15	2	0.48582	15
18	1	33	1	0.8	2.178	8	3	4.0679	0.9	33	2	0.75001	33
18	1	34	1	0.8	4.7102	8	1.8	1.8876	0.9	20	2	0.72528	20
18	1	35	1	0.8	4.0827	8	2.2	1.728	0.9	24	2	0.86956	24
18	1	36	1	0.8	2.5045	8	1.4	5.3581	0.9	15	2	0.54258	15
];

d2 = [18	2	1	2	0.8	1.8193	10	3	3.7859	0.8	37	2	0.79079	37
18	2	2	2	0.8	3.9162	10	2.2	0.55184	0.8	27	1	0.35818	10
18	2	3	2	0.8	1.3129	10	1.4	3.1459	0.8	17	1	0.71061	10
18	2	4	2	0.8	0.43446	10	1.8	5.1991	0.8	22	2	0.49489	22
18	2	5	2	0.8	5.8618	10	1	2.5878	0.8	12	1	0.67031	10
18	2	6	2	0.8	1.9974	10	1.4	4.6211	0.8	17	2	0.66968	17
18	2	7	2	0.8	0.77965	10	1	3.2676	0.8	12	1	1.2151	0
18	2	8	2	0.8	3.4467	10	2.2	0.39517	0.8	27	2	0.69172	27
18	2	9	2	0.8	4.2143	10	1	1.9295	0.8	12	2	1.1091	0
18	2	10	2	0.8	3.1293	10	2.2	5.4674	0.8	27	2	0.66184	27
18	2	11	2	0.8	5.8855	10	2.6	2.6794	0.8	32	2	1.0224	0
18	2	12	2	0.8	4.8742	10	1	0.94348	0.8	12	2	0.64719	12
18	2	13	2	0.8	3.4478	10	2.6	1.24	0.8	32	2	0.69467	32
18	2	14	2	0.8	0.8206	10	1.8	4.6659	0.8	22	2	0.97416	0
18	2	15	2	0.8	3.993	10	3	1.3019	0.8	37	2	0.64278	37
18	2	16	2	0.8	3.8409	10	2.2	0.78456	0.8	27	2	0.76826	27
18	2	17	2	0.8	0.61661	10	1.8	4.2896	0.8	22	2	0.44626	22
18	2	18	2	0.8	1.5886	10	3	3.8916	0.8	37	2	0.79659	37
18	2	19	2	0.8	0.95642	10	1	4.1989	0.8	12	2	0.35944	12
18	2	20	2	0.8	3.796	10	1.4	0.66118	0.8	17	2	0.65334	17
18	2	21	2	0.8	0.61715	10	1.4	5.4274	0.8	17	2	0.67938	17
18	2	22	2	0.8	2.9379	10	1.8	0.987	0.8	22	2	0.9982	0
18	2	23	2	0.8	5.6484	10	2.6	2.1305	0.8	32	2	0.79854	32
18	2	24	2	0.8	5.2644	10	2.6	3.5424	0.8	32	1	0.5269	10
18	2	25	2	0.8	2.1516	10	1.8	4.746	0.8	22	2	0.49451	22
18	2	26	2	0.8	5.717	10	2.2	2.3903	0.8	27	2	0.88805	0
18	2	27	2	0.8	1.2321	10	2.6	4.5735	0.8	32	2	0.54211	32
18	2	28	2	0.8	4.2401	10	2.6	2.3631	0.8	32	2	0.70932	32
18	2	29	2	0.8	1.8794	10	3	4.3764	0.8	37	1	0.48766	10
18	2	30	2	0.8	4.0582	10	1	2.1002	0.8	12	1	0.42202	10
18	2	31	2	0.8	1.0611	10	3	4.286	0.8	37	1	0.27902	10
18	2	32	2	0.8	3.5378	10	1.4	5.6907	0.8	17	1	0.3664	10
18	2	33	2	0.8	4.2739	10	3	2.0639	0.8	37	1	0.30296	10
18	2	34	2	0.8	0.62261	10	1.8	5.835	0.8	22	1	0.39815	10
18	2	35	2	0.8	2.8407	10	2.2	5.2424	0.8	27	2	0.69431	27
18	2	36	2	0.8	3.098	10	1.4	5.6867	0.8	17	2	0.73479	17
];

d3 = [18	3	1	3	0.8	0.48847	11	3	3.8852	0.7	42	1	0.71118	0
18	3	2	3	0.8	5.148	11	2.2	2.5878	0.7	31	2	0.58235	31
18	3	3	3	0.8	1.3906	11	1.4	5.4557	0.7	19	2	0.50103	19
18	3	4	3	0.8	4.8678	11	1.8	2.161	0.7	25	2	0.74197	0
18	3	5	3	0.8	3.7859	11	1	5.6332	0.7	14	2	0.47772	14
18	3	6	3	0.8	3.5379	11	1.4	0.97241	0.7	19	2	0.63758	19
18	3	7	3	0.8	2.2251	11	1	5.0788	0.7	14	2	0.49328	14
18	3	8	3	0.8	0.89406	11	2.2	2.7747	0.7	31	2	0.66158	31
18	3	9	3	0.8	5.3438	11	1	2.0231	0.7	14	2	0.40214	14
18	3	10	3	0.8	1.3456	11	2.2	4.5318	0.7	31	1	0.35803	11
18	3	11	3	0.8	4.1631	11	2.6	2.0708	0.7	37	2	0.63123	37
18	3	12	3	0.8	0.53652	11	1	2.506	0.7	14	2	0.7028	0
18	3	13	3	0.8	2.3459	11	2.6	0.6931	0.7	37	2	0.68682	37
18	3	14	3	0.8	4.5582	11	1.8	0.65594	0.7	25	2	0.71065	0
18	3	15	3	0.8	3.0991	11	3	1.2599	0.7	42	2	0.53333	42
18	3	16	3	0.8	5.8773	11	2.2	2.1129	0.7	31	2	0.707	0
18	3	17	3	0.8	1.6946	11	1.8	5.4077	0.7	25	1	0.25463	11
18	3	18	3	0.8	0.50138	11	3	4.7424	0.7	42	2	0.5573	42
18	3	19	3	0.8	3.3642	11	1	5.7557	0.7	14	2	0.32583	14
18	3	20	3	0.8	1.0053	11	1.4	5.1308	0.7	19	2	0.41219	19
18	3	21	3	0.8	5.4994	11	1.4	0.41425	0.7	19	2	0.57428	19
18	3	22	3	0.8	1.7772	11	1.8	4.3458	0.7	25	2	0.48686	25
18	3	23	3	0.8	4.3057	11	2.6	2.2203	0.7	37	2	0.57465	37
18	3	24	3	0.8	3.7364	11	2.6	5.7554	0.7	37	2	0.4958	37
18	3	25	3	0.8	0.55332	11	1.8	2.3903	0.7	25	2	0.74147	0
18	3	26	3	0.8	1.7154	11	2.2	4.798	0.7	31	2	0.50162	31
18	3	27	3	0.8	5.4726	11	2.6	2.6944	0.7	37	2	1.0453	0
18	3	28	3	0.8	3.2965	11	2.6	5.5957	0.7	37	2	0.61451	37
18	3	29	3	0.8	2.949	11	3	0.57955	0.7	42	2	0.62818	42
18	3	30	3	0.8	3.0985	11	1	5.1624	0.7	14	2	0.78073	0
18	3	31	3	0.8	2.7684	11	3	4.9833	0.7	42	2	0.75948	0
18	3	32	3	0.8	2.9342	11	1.4	5.6634	0.7	19	2	0.48749	19
18	3	33	3	0.8	4.1798	11	3	0.91514	0.7	42	2	0.61484	42
18	3	34	3	0.8	1.335	11	1.8	4.9055	0.7	25	2	0.44659	25
18	3	35	3	0.8	0.66329	11	2.2	2.7192	0.7	31	2	0.59888	31
18	3	36	3	0.8	1.8637	11	1.4	4.7824	0.7	19	2	0.67747	19
];

d4 = [18	4	1	4	0.8	1.1175	13	3	3.859	0.6	49	2	0.70311	0
18	4	2	4	0.8	1.0924	13	2.2	5.4328	0.6	36	2	0.95072	0
18	4	3	4	0.8	2.391	13	1.4	5.4898	0.6	23	2	0.53645	23
18	4	4	4	0.8	4.8254	13	1.8	0.72703	0.6	29	2	0.47775	29
18	4	5	4	0.8	1.7829	13	1	5.8846	0.6	16	2	0.37451	16
18	4	6	4	0.8	2.5267	13	1.4	5.3973	0.6	23	2	1.0049	0
18	4	7	4	0.8	0.48116	13	1	3.6683	0.6	16	2	0.34086	16
18	4	8	4	0.8	0.6578	13	2.2	4.2267	0.6	36	2	0.60695	0
18	4	9	4	0.8	0.59319	13	1	2.7138	0.6	16	2	0.43749	16
18	4	10	4	0.8	4.5582	13	2.2	0.65594	0.6	36	1	0.58118	13
18	4	11	4	0.8	5.5777	13	2.6	2.053	0.6	43	2	0.69791	0
18	4	12	4	0.8	4.8009	13	1	1.0915	0.6	16	2	0.34146	16
18	4	13	4	0.8	2.9929	13	2.6	0.65766	0.6	43	2	0.80632	0
18	4	14	4	0.8	3.0416	13	1.8	1.2315	0.6	29	2	0.57539	29
18	4	15	4	0.8	0.58664	13	3	4.5131	0.6	49	1	0.59084	13
18	4	16	4	0.8	2.8939	13	2.2	0.41988	0.6	36	1	0.35053	13
18	4	17	4	0.8	0.46547	13	1.8	5.7169	0.6	29	2	0.38961	29
18	4	18	4	0.8	4.4108	13	3	1.5966	0.6	49	2	0.6545	0
18	4	19	4	0.8	5.2644	13	1	2.2383	0.6	16	2	0.77274	0
18	4	20	4	0.8	3.0042	13	1.4	0.55048	0.6	23	2	0.47862	23
18	4	21	4	0.8	4.7919	13	1.4	2.3972	0.6	23	2	0.43843	23
18	4	22	4	0.8	4.5735	13	1.8	2.9558	0.6	29	2	0.64669	0
18	4	23	4	0.8	4.8183	13	2.6	2.7629	0.6	43	2	0.94957	0
18	4	24	4	0.8	3.8621	13	2.6	0.8468	0.6	43	2	0.80576	0
18	4	25	4	0.8	4.0868	13	1.8	1.8936	0.6	29	1	0.32639	13
18	4	26	4	0.8	4.0454	13	2.2	2.1435	0.6	36	2	0.4389	36
18	4	27	4	0.8	0.62261	13	2.6	5.835	0.6	43	2	0.69342	0
18	4	28	4	0.8	1.7478	13	2.6	3.7859	0.6	43	2	0.50138	43
18	4	29	4	0.8	2.7923	13	3	1.0101	0.6	49	2	0.4922	49
18	4	30	4	0.8	2.4184	13	1	4.0412	0.6	16	2	0.28532	16
18	4	31	4	0.8	4.0932	13	3	0.77468	0.6	49	2	0.47033	49
18	4	32	4	0.8	0.98877	13	1.4	5.8868	0.6	23	2	0.38368	23
18	4	33	4	0.8	4.5326	13	3	2.7284	0.6	49	2	0.64595	0
18	4	34	4	0.8	1.3742	13	1.8	3.7859	0.6	29	2	0.3348	29
18	4	35	4	0.8	3.0947	13	2.2	5.0572	0.6	36	2	0.52586	36
18	4	36	4	0.8	5.4674	13	1.4	2.6738	0.6	23	2	0.62022	0
];

