% risk_exp2_subject_11

d1 = [11	1	1	1	0.8	0.78722	8	2.2	4.2749	0.9	24	1	0.86824	8
11	1	2	1	0.8	5.421	8	3	1.5864	0.9	33	2	0.73635	33
11	1	3	1	0.8	3.9643	8	1	2.3183	0.9	11	1	0.48767	8
11	1	4	1	0.8	2.623	8	1	5.4522	0.9	11	1	0.4546	8
11	1	5	1	0.8	4.4613	8	1.4	0.78123	0.9	15	1	0.34252	8
11	1	6	1	0.8	2.6272	8	2.6	0.65825	0.9	28	1	0.62192	8
11	1	7	1	0.8	0.69844	8	3	2.8206	0.9	33	1	0.50231	8
11	1	8	1	0.8	1.8645	8	2.2	4.0731	0.9	24	1	0.39744	8
11	1	9	1	0.8	1.7433	8	1.4	5.5444	0.9	15	1	0.5336	8
11	1	10	1	0.8	2.9708	8	1	5.5514	0.9	11	1	0.5906	8
11	1	11	1	0.8	3.5996	8	2.2	0.69674	0.9	24	1	0.60829	8
11	1	12	1	0.8	2.5097	8	1.8	4.1538	0.9	20	2	0.76679	20
11	1	13	1	0.8	1.7101	8	2.6	5.0569	0.9	28	2	0.79838	28
11	1	14	1	0.8	0.41173	8	1.8	5.0111	0.9	20	1	0.37493	8
11	1	15	1	0.8	4.6599	8	1.4	2.2463	0.9	15	2	0.52569	15
11	1	16	1	0.8	4.2736	8	1.4	0.56876	0.9	15	2	0.56638	15
11	1	17	1	0.8	4.314	8	2.6	0.9034	0.9	28	1	0.39873	8
11	1	18	1	0.8	4.9999	8	3	0.4167	0.9	33	2	0.72589	33
11	1	19	1	0.8	2.8274	8	3	0.68771	0.9	33	1	0.34231	8
11	1	20	1	0.8	1.8374	8	2.2	4.4549	0.9	24	1	0.4053	8
11	1	21	1	0.8	0.58876	8	1.8	2.3191	0.9	20	1	0.46317	8
11	1	22	1	0.8	0.49394	8	3	4.4166	0.9	33	2	0.74363	33
11	1	23	1	0.8	5.0963	8	2.2	0.98109	0.9	24	2	0.95811	0
11	1	24	1	0.8	0.94596	8	1	4.5333	0.9	11	2	0.33399	11
11	1	25	1	0.8	0.40094	8	2.6	2.8375	0.9	28	1	0.35842	8
11	1	26	1	0.8	5.3545	8	1.4	0.85431	0.9	15	2	0.62271	15
11	1	27	1	0.8	4.2339	8	1.8	0.4281	0.9	20	1	0.46995	8
11	1	28	1	0.8	1.7208	8	1.8	4.9283	0.9	20	1	0.39802	8
11	1	29	1	0.8	1.0476	8	1	3.6748	0.9	11	2	0.5939	11
11	1	30	1	0.8	1.2	8	2.6	3.7159	0.9	28	2	0.94896	0
11	1	31	1	0.8	0.83168	8	1	3.6496	0.9	11	1	0.40715	8
11	1	32	1	0.8	3.2402	8	3	5.6249	0.9	33	1	0.48705	8
11	1	33	1	0.8	3.0793	8	2.2	5.0259	0.9	24	1	0.42307	8
11	1	34	1	0.8	5.1759	8	1.8	2.671	0.9	20	1	0.78204	8
11	1	35	1	0.8	4.7645	8	2.6	0.49688	0.9	28	2	0.68713	28
11	1	36	1	0.8	4.4767	8	1.4	2.8266	0.9	15	2	0.72454	15
];

d2 = [11	2	1	2	0.8	3.121	10	2.2	0.8185	0.8	27	1	0.55064	10
11	2	2	2	0.8	1.3556	10	3	3.8713	0.8	37	1	0.39941	10
11	2	3	2	0.8	4.8785	10	1	3.2874	0.8	12	2	0.62999	12
11	2	4	2	0.8	2.005	10	1	4.0689	0.8	12	1	0.47857	10
11	2	5	2	0.8	4.016	10	1.4	0.45563	0.8	17	2	0.66914	17
11	2	6	2	0.8	4.7876	10	2.6	1.4221	0.8	32	2	0.50208	32
11	2	7	2	0.8	5.7542	10	3	2.2059	0.8	37	2	0.82102	0
11	2	8	2	0.8	5.1836	10	2.2	2.053	0.8	27	1	0.40508	10
11	2	9	2	0.8	1.7751	10	1.4	5.0569	0.8	17	1	0.3652	10
11	2	10	2	0.8	1.4023	10	1	5.7538	0.8	12	2	0.74305	12
11	2	11	2	0.8	4.7424	10	2.2	1.138	0.8	27	2	0.59882	27
11	2	12	2	0.8	3.1746	10	1.8	0.83883	0.8	22	2	0.59869	22
11	2	13	2	0.8	0.45538	10	2.6	4.201	0.8	32	2	0.55026	32
11	2	14	2	0.8	5.1443	10	1.8	1.2096	0.8	22	1	0.57463	10
11	2	15	2	0.8	2.3103	10	1.4	5.8855	0.8	17	1	0.4302	10
11	2	16	2	0.8	5.8138	10	1.4	4.2349	0.8	17	1	0.42229	10
11	2	17	2	0.8	0.75076	10	2.6	3.1455	0.8	32	1	0.50334	10
11	2	18	2	0.8	4.1567	10	3	1.5523	0.8	37	2	0.81467	0
11	2	19	2	0.8	4.1298	10	3	2.1975	0.8	37	1	0.48038	10
11	2	20	2	0.8	2.621	10	2.2	5.2402	0.8	27	1	0.98147	0
11	2	21	2	0.8	2.8409	10	1.8	0.95348	0.8	22	2	0.55527	22
11	2	22	2	0.8	1.6517	10	3	3.4387	0.8	37	1	0.39857	10
11	2	23	2	0.8	4.7423	10	2.2	1.4697	0.8	27	1	0.39032	10
11	2	24	2	0.8	0.70595	10	1	3.9202	0.8	12	1	0.42159	10
11	2	25	2	0.8	3.7908	10	2.6	1.4005	0.8	32	1	0.4702	10
11	2	26	2	0.8	4.9538	10	1.4	0.60698	0.8	17	1	0.54245	10
11	2	27	2	0.8	0.7844	10	1.8	4.7358	0.8	22	1	0.41404	10
11	2	28	2	0.8	2.958	10	1.8	4.8077	0.8	22	1	0.41273	10
11	2	29	2	0.8	5.3975	10	1	1.4762	0.8	12	2	0.65328	12
11	2	30	2	0.8	3.2668	10	2.6	0.44355	0.8	32	1	0.7241	10
11	2	31	2	0.8	0.42388	10	1	5.4213	0.8	12	1	0.527	10
11	2	32	2	0.8	0.8771	10	3	5.762	0.8	37	1	0.45543	10
11	2	33	2	0.8	5.1175	10	2.2	2.5802	0.8	27	1	0.48749	10
11	2	34	2	0.8	4.4512	10	1.8	2.161	0.8	22	2	0.5822	22
11	2	35	2	0.8	2.3233	10	2.6	5.1278	0.8	32	2	0.70162	32
11	2	36	2	0.8	2.9697	10	1.4	4.6024	0.8	17	2	0.61384	17
];

d3 = [11	3	1	3	0.8	1.967	11	2.2	5.6785	0.7	31	2	0.56546	31
11	3	2	3	0.8	3.0743	11	3	5.5413	0.7	42	2	0.66316	42
11	3	3	3	0.8	2.6709	11	1	0.40068	0.7	14	2	0.44677	14
11	3	4	3	0.8	1.2318	11	1	5.4412	0.7	14	2	0.44584	14
11	3	5	3	0.8	4.4285	11	1.4	1.354	0.7	19	2	0.42282	19
11	3	6	3	0.8	2.152	11	2.6	4.7772	0.7	37	2	0.98172	0
11	3	7	3	0.8	1.8804	11	3	4.0759	0.7	42	1	0.38177	11
11	3	8	3	0.8	1.3194	11	2.2	4.6438	0.7	31	1	0.78909	0
11	3	9	3	0.8	0.61715	11	1.4	2.2195	0.7	19	1	0.40647	11
11	3	10	3	0.8	2.5916	11	1	5.3493	0.7	14	1	0.36509	11
11	3	11	3	0.8	5.1443	11	2.2	1.2096	0.7	31	2	0.63113	31
11	3	12	3	0.8	0.42818	11	1.8	3.5961	0.7	25	2	0.79829	0
11	3	13	3	0.8	4.6803	11	2.6	1.8374	0.7	37	1	0.5278	11
11	3	14	3	0.8	4.5714	11	1.8	2.1516	0.7	25	1	0.49416	11
11	3	15	3	0.8	5.6938	11	1.4	1.501	0.7	19	1	0.71916	0
11	3	16	3	0.8	2.8956	11	1.4	5.8151	0.7	19	1	0.43243	11
11	3	17	3	0.8	0.83002	11	2.6	3.0614	0.7	37	1	0.50185	11
11	3	18	3	0.8	2.2732	11	3	0.44981	0.7	42	1	0.59776	11
11	3	19	3	0.8	5.8693	11	3	1.9584	0.7	42	1	0.55736	11
11	3	20	3	0.8	3.5765	11	2.2	0.45178	0.7	31	2	0.70961	0
11	3	21	3	0.8	5.1794	11	1.8	2.8342	0.7	25	2	0.62319	25
11	3	22	3	0.8	1.3081	11	3	3.0444	0.7	42	1	0.56671	11
11	3	23	3	0.8	0.58222	11	2.2	5.4369	0.7	31	1	0.9746	0
11	3	24	3	0.8	3.0211	11	1	0.70415	0.7	14	2	0.60664	14
11	3	25	3	0.8	0.42983	11	2.6	5.8515	0.7	37	1	0.5114	11
11	3	26	3	0.8	2.9882	11	1.4	4.5621	0.7	19	2	0.56617	19
11	3	27	3	0.8	3.3463	11	1.8	0.59199	0.7	25	2	0.51868	25
11	3	28	3	0.8	3.4504	11	1.8	5.4761	0.7	25	2	0.79731	0
11	3	29	3	0.8	3.3971	11	1	0.41874	0.7	14	1	0.39663	11
11	3	30	3	0.8	1.885	11	2.6	3.6115	0.7	37	1	0.50906	11
11	3	31	3	0.8	1.7198	11	1	4.8005	0.7	14	1	0.41493	11
11	3	32	3	0.8	1.6883	11	3	5.6287	0.7	42	1	0.39064	11
11	3	33	3	0.8	1.5122	11	2.2	5.5453	0.7	31	1	0.41452	11
11	3	34	3	0.8	5.5203	11	1.8	2.8247	0.7	25	1	0.479	11
11	3	35	3	0.8	2.077	11	2.6	3.6655	0.7	37	1	0.3746	11
11	3	36	3	0.8	4.7604	11	1.4	0.84004	0.7	19	2	0.46287	19
];

d4 = [11	4	1	4	0.8	5.2106	13	2.2	3.3367	0.6	36	1	0.46335	13
11	4	2	4	0.8	2.225	13	3	0.51371	0.6	49	1	0.47081	13
11	4	3	4	0.8	2.3134	13	1	4.0828	0.6	16	2	0.39027	16
11	4	4	4	0.8	2.8428	13	1	5.4555	0.6	16	2	0.57522	16
11	4	5	4	0.8	3.7924	13	1.4	5.5413	0.6	23	2	0.41396	23
11	4	6	4	0.8	4.3828	13	2.6	2.153	0.6	43	1	0.50178	13
11	4	7	4	0.8	1.8651	13	3	5.2108	0.6	49	1	0.34214	13
11	4	8	4	0.8	5.0964	13	2.2	1.0915	0.6	36	2	0.57441	36
11	4	9	4	0.8	5.8773	13	1.4	1.609	0.6	23	2	0.42857	23
11	4	10	4	0.8	2.1286	13	1	5.2284	0.6	16	2	0.40565	16
11	4	11	4	0.8	2.4469	13	2.2	4.9817	0.6	36	2	0.70302	0
11	4	12	4	0.8	3.7685	13	1.8	1.8774	0.6	29	2	0.55022	29
11	4	13	4	0.8	0.54326	13	2.6	3.2593	0.6	43	2	0.83039	0
11	4	14	4	0.8	2.9524	13	1.8	4.6625	0.6	29	2	0.53489	29
11	4	15	4	0.8	3.2878	13	1.4	1.0001	0.6	23	2	0.43859	23
11	4	16	4	0.8	4.7828	13	1.4	1.7366	0.6	23	2	0.56558	23
11	4	17	4	0.8	3.1024	13	2.6	5.2178	0.6	43	2	0.64598	0
11	4	18	4	0.8	3.886	13	3	1.1238	0.6	49	1	0.40548	13
11	4	19	4	0.8	3.9967	13	3	2.1975	0.6	49	1	0.47788	13
11	4	20	4	0.8	0.65243	13	2.2	2.4258	0.6	36	1	0.38901	13
11	4	21	4	0.8	4.1194	13	1.8	1.6522	0.6	29	2	0.47982	29
11	4	22	4	0.8	3.3426	13	3	1.2531	0.6	49	1	0.49495	13
11	4	23	4	0.8	0.90673	13	2.2	5.3088	0.6	36	1	0.70353	0
11	4	24	4	0.8	4.7244	13	1	2.4492	0.6	16	1	0.33396	13
11	4	25	4	0.8	4.9361	13	2.6	3.2041	0.6	43	1	0.51738	13
11	4	26	4	0.8	3.5639	13	1.4	1.7474	0.6	23	2	0.41177	23
11	4	27	4	0.8	0.59647	13	1.8	3.4118	0.6	29	1	0.35878	13
11	4	28	4	0.8	0.53956	13	1.8	3.4702	0.6	29	1	0.63818	0
11	4	29	4	0.8	2.192	13	1	3.9873	0.6	16	2	0.53975	16
11	4	30	4	0.8	5.3617	13	2.6	1.0338	0.6	43	1	0.40585	13
11	4	31	4	0.8	5.8346	13	1	0.44355	0.6	16	2	0.51176	16
11	4	32	4	0.8	3.4509	13	3	0.52725	0.6	49	1	0.54314	13
11	4	33	4	0.8	3.0847	13	2.2	4.9087	0.6	36	1	0.38216	13
11	4	34	4	0.8	4.9329	13	1.8	1.7602	0.6	29	2	0.49411	29
11	4	35	4	0.8	1.5247	13	2.6	3.6115	0.6	43	1	0.37376	13
11	4	36	4	0.8	2.2206	13	1.4	5.2692	0.6	23	1	0.35009	13
];

