% risk_exp2_subject_17

d1 = [17	1	1	1	0.8	3.8884	8	2.6	0.76354	0.9	28	2	1.3003	0
17	1	2	1	0.8	5.1136	8	2.2	0.67251	0.9	24	2	0.53469	24
17	1	3	1	0.8	4.1629	8	1.8	0.85888	0.9	20	2	0.58153	20
17	1	4	1	0.8	3.6393	8	1.8	1.165	0.9	20	2	0.55798	20
17	1	5	1	0.8	0.48165	8	2.2	2.835	0.9	24	2	0.62984	24
17	1	6	1	0.8	4.201	8	3	1.7333	0.9	33	1	0.35916	8
17	1	7	1	0.8	1.3219	8	1.4	4.7294	0.9	15	2	0.39827	15
17	1	8	1	0.8	2.3201	8	1.8	4.7238	0.9	20	2	0.62361	20
17	1	9	1	0.8	3.3532	8	1.4	0.48729	0.9	15	2	0.59766	15
17	1	10	1	0.8	4.6189	8	1.4	1.6714	0.9	15	2	0.47718	15
17	1	11	1	0.8	0.85059	8	3	2.4759	0.9	33	2	0.5903	33
17	1	12	1	0.8	5.4573	8	2.2	3.5061	0.9	24	2	0.55825	24
17	1	13	1	0.8	5.1685	8	2.6	3.3842	0.9	28	2	0.62991	28
17	1	14	1	0.8	4.2514	8	2.6	1.0915	0.9	28	2	0.66947	28
17	1	15	1	0.8	0.50296	8	2.6	3.5006	0.9	28	2	0.51841	28
17	1	16	1	0.8	0.64506	8	3	5.6913	0.9	33	2	0.60571	33
17	1	17	1	0.8	5.1384	8	2.2	2.8656	0.9	24	2	0.56707	24
17	1	18	1	0.8	2.5628	8	1.4	4.8594	0.9	15	2	0.50144	15
17	1	19	1	0.8	2.5916	8	2.6	4.6982	0.9	28	2	0.86075	28
17	1	20	1	0.8	4.1934	8	1	0.46839	0.9	11	2	0.54213	11
17	1	21	1	0.8	5.8291	8	1	1.7265	0.9	11	2	0.46235	11
17	1	22	1	0.8	4.6803	8	3	1.8374	0.9	33	2	0.57662	33
17	1	23	1	0.8	4.7884	8	1.8	3.1891	0.9	20	2	0.56611	20
17	1	24	1	0.8	3.7681	8	1	1.7587	0.9	11	2	0.41388	11
17	1	25	1	0.8	2.5142	8	1.8	4.6621	0.9	20	2	0.46989	20
17	1	26	1	0.8	2.5315	8	3	0.83002	0.9	33	2	0.66217	33
17	1	27	1	0.8	1.3749	8	1.4	3.5032	0.9	15	2	0.5192	15
17	1	28	1	0.8	4.7594	8	1	2.957	0.9	11	2	0.50975	11
17	1	29	1	0.8	0.42135	8	2.6	2.3838	0.9	28	2	0.50136	28
17	1	30	1	0.8	0.76203	8	3	3.5997	0.9	33	2	0.54917	33
17	1	31	1	0.8	1.2211	8	2.2	4.0384	0.9	24	2	0.54247	24
17	1	32	1	0.8	3.1669	8	1.8	1.1749	0.9	20	2	0.43025	20
17	1	33	1	0.8	3.2063	8	1	5.5753	0.9	11	2	0.67039	11
17	1	34	1	0.8	3.7712	8	2.2	0.4382	0.9	24	2	0.57216	24
17	1	35	1	0.8	0.62748	8	1	4.9674	0.9	11	2	0.50191	11
17	1	36	1	0.8	5.2934	8	1.4	1.7958	0.9	15	2	0.47862	15
];

d2 = [17	2	1	2	0.8	4.3002	10	2.6	2.1358	0.8	32	2	0.55098	32
17	2	2	2	0.8	2.2607	10	2.2	5.4688	0.8	27	2	0.6864	27
17	2	3	2	0.8	2.5687	10	1.8	4.6073	0.8	22	2	0.61419	22
17	2	4	2	0.8	2.2604	10	1.8	4.5957	0.8	22	2	0.58256	22
17	2	5	2	0.8	4.1119	10	2.2	2.0553	0.8	27	2	0.4944	27
17	2	6	2	0.8	0.73994	10	3	5.1312	0.8	37	2	0.68634	37
17	2	7	2	0.8	4.595	10	1.4	2.7902	0.8	17	2	0.63737	17
17	2	8	2	0.8	3.9312	10	1.8	1.2748	0.8	22	2	0.52658	22
17	2	9	2	0.8	0.46467	10	1.4	2.645	0.8	17	2	0.44539	17
17	2	10	2	0.8	4.8513	10	1.4	2.2334	0.8	17	2	0.40464	17
17	2	11	2	0.8	0.71536	10	3	4.4496	0.8	37	2	0.56775	37
17	2	12	2	0.8	1.7914	10	2.2	3.9867	0.8	27	2	0.65419	27
17	2	13	2	0.8	2.1375	10	2.6	5.171	0.8	32	2	0.65389	32
17	2	14	2	0.8	2.4128	10	2.6	0.47123	0.8	32	2	0.84616	0
17	2	15	2	0.8	3.3124	10	2.6	5.3381	0.8	32	2	0.60574	32
17	2	16	2	0.8	2.3522	10	3	5.8187	0.8	37	2	0.5979	37
17	2	17	2	0.8	4.7244	10	2.2	1.5124	0.8	27	2	0.4851	27
17	2	18	2	0.8	3.5424	10	1.4	5.8828	0.8	17	2	0.39719	17
17	2	19	2	0.8	4.5353	10	2.6	1.1112	0.8	32	2	0.55733	32
17	2	20	2	0.8	5.6938	10	1	1.501	0.8	12	2	0.47691	12
17	2	21	2	0.8	3.4941	10	1	0.85318	0.8	12	2	0.47159	12
17	2	22	2	0.8	3.0614	10	3	1.3339	0.8	37	2	0.55048	37
17	2	23	2	0.8	3.8412	10	1.8	0.92597	0.8	22	2	0.55843	22
17	2	24	2	0.8	3.6713	10	1	1.3328	0.8	12	2	0.39808	12
17	2	25	2	0.8	3.9734	10	1.8	0.771	0.8	22	2	0.47849	22
17	2	26	2	0.8	1.2665	10	3	4.0709	0.8	37	2	0.52565	37
17	2	27	2	0.8	1.2211	10	1.4	4.0384	0.8	17	2	0.50971	17
17	2	28	2	0.8	0.9008	10	1	2.723	0.8	12	2	0.43722	12
17	2	29	2	0.8	2.5856	10	2.6	5.5753	0.8	32	2	0.58168	32
17	2	30	2	0.8	4.7429	10	3	1.7301	0.8	37	2	0.42922	37
17	2	31	2	0.8	2.0368	10	2.2	5.4576	0.8	27	2	0.43793	27
17	2	32	2	0.8	1.6597	10	1.8	4.7567	0.8	22	2	0.45456	22
17	2	33	2	0.8	5.559	10	1	2.4372	0.8	12	2	0.82999	0
17	2	34	2	0.8	4.8239	10	2.2	1.9207	0.8	27	2	0.47781	27
17	2	35	2	0.8	2.4397	10	1	4.8466	0.8	12	2	0.53385	12
17	2	36	2	0.8	4.5512	10	1.4	1.9122	0.8	17	2	0.34043	17
];

d3 = [17	3	1	3	0.8	1.1653	11	2.6	5.2814	0.7	37	2	0.54339	37
17	3	2	3	0.8	3.65	11	2.2	0.48676	0.7	31	2	0.47832	31
17	3	3	3	0.8	4.812	11	1.8	1.9285	0.7	25	2	0.37494	25
17	3	4	3	0.8	3.5835	11	1.8	1.7129	0.7	25	2	0.50096	25
17	3	5	3	0.8	1.5503	11	2.2	5.51	0.7	31	2	0.52605	31
17	3	6	3	0.8	2.2199	11	3	5.4855	0.7	42	2	0.49349	42
17	3	7	3	0.8	2.4524	11	1.4	4.1614	0.7	19	2	0.50228	19
17	3	8	3	0.8	3.4732	11	1.8	0.85059	0.7	25	2	0.58978	25
17	3	9	3	0.8	3.5464	11	1.4	5.3435	0.7	19	2	0.4372	19
17	3	10	3	0.8	2.6269	11	1.4	0.49574	0.7	19	2	0.4857	19
17	3	11	3	0.8	5.7714	11	3	1.4674	0.7	42	2	0.59903	42
17	3	12	3	0.8	1.0156	11	2.2	5.5576	0.7	31	2	0.76709	0
17	3	13	3	0.8	4.9133	11	2.6	1.5886	0.7	37	2	0.5581	37
17	3	14	3	0.8	3.8144	11	2.6	1.0014	0.7	37	2	0.52685	37
17	3	15	3	0.8	5.8023	11	2.6	1.7006	0.7	37	2	0.4941	37
17	3	16	3	0.8	0.48479	11	3	4.2	0.7	42	2	0.59036	42
17	3	17	3	0.8	0.9413	11	2.2	2.7371	0.7	31	2	0.52503	31
17	3	18	3	0.8	2.485	11	1.4	5.0509	0.7	19	2	0.43702	19
17	3	19	3	0.8	2.3059	11	2.6	4.4873	0.7	37	2	0.84621	0
17	3	20	3	0.8	2.5761	11	1	0.68493	0.7	14	2	0.44499	14
17	3	21	3	0.8	3.7858	11	1	1.2171	0.7	14	2	0.33472	14
17	3	22	3	0.8	2.997	11	3	5.6788	0.7	42	2	0.61525	42
17	3	23	3	0.8	2.2748	11	1.8	5.3144	0.7	25	2	0.42291	25
17	3	24	3	0.8	3.6879	11	1	1.0713	0.7	14	2	0.3421	14
17	3	25	3	0.8	1.05	11	1.8	3.2169	0.7	25	2	0.38227	25
17	3	26	3	0.8	3.6312	11	3	0.52156	0.7	42	2	0.52602	42
17	3	27	3	0.8	2.269	11	1.4	5.869	0.7	19	2	0.36608	19
17	3	28	3	0.8	4.1681	11	1	1.8506	0.7	14	2	0.38114	14
17	3	29	3	0.8	2.094	11	2.6	4.2739	0.7	37	2	0.54875	37
17	3	30	3	0.8	4.457	11	3	2.4297	0.7	42	2	0.5969	42
17	3	31	3	0.8	3.696	11	2.2	0.71441	0.7	31	2	0.50222	31
17	3	32	3	0.8	4.5948	11	1.8	1.8676	0.7	25	2	0.35837	25
17	3	33	3	0.8	5.4156	11	1	3.6449	0.7	14	2	0.38217	14
17	3	34	3	0.8	4.0412	11	2.2	1.1471	0.7	31	2	0.4221	31
17	3	35	3	0.8	4.4888	11	1	2.6344	0.7	14	2	0.71907	0
17	3	36	3	0.8	4.3325	11	1.4	1.7076	0.7	19	2	0.39888	19
];

d4 = [17	4	1	4	0.8	4.6131	13	2.6	0.60232	0.6	43	2	0.51052	43
17	4	2	4	0.8	0.88325	13	2.2	3.3206	0.6	36	2	0.52588	36
17	4	3	4	0.8	1.9409	13	1.8	4.5944	0.6	29	2	0.43862	29
17	4	4	4	0.8	4.201	13	1.8	1.7333	0.6	29	2	0.45483	29
17	4	5	4	0.8	4.9167	13	2.2	3.0561	0.6	36	2	0.50182	36
17	4	6	4	0.8	1.144	13	3	5.0829	0.6	49	1	0.31822	13
17	4	7	4	0.8	4.5411	13	1.4	1.3152	0.6	23	2	0.41349	23
17	4	8	4	0.8	5.2529	13	1.8	1.9619	0.6	29	2	0.82157	0
17	4	9	4	0.8	4.1074	13	1.4	1.9201	0.6	23	2	0.47686	23
17	4	10	4	0.8	1.794	13	1.4	3.6547	0.6	23	2	0.51759	23
17	4	11	4	0.8	3.305	13	3	1.2748	0.6	49	2	0.51063	49
17	4	12	4	0.8	2.0044	13	2.2	5.4163	0.6	36	2	0.54227	36
17	4	13	4	0.8	1.6429	13	2.6	4.6995	0.6	43	2	0.54995	43
17	4	14	4	0.8	5.8773	13	2.6	1.609	0.6	43	2	0.38979	43
17	4	15	4	0.8	1.7426	13	2.6	4.7421	0.6	43	2	0.60529	0
17	4	16	4	0.8	3.796	13	3	0.66118	0.6	49	2	0.5982	49
17	4	17	4	0.8	2.7839	13	2.2	5.7867	0.6	36	2	0.60605	0
17	4	18	4	0.8	5.5384	13	1.4	2.005	0.6	23	1	0.51824	13
17	4	19	4	0.8	4.292	13	2.6	0.46839	0.6	43	2	0.58972	43
17	4	20	4	0.8	2.249	13	1	5.853	0.6	16	2	0.35755	16
17	4	21	4	0.8	5.7367	13	1	0.80778	0.6	16	2	0.32632	16
17	4	22	4	0.8	5.781	13	3	0.66617	0.6	49	2	0.48643	49
17	4	23	4	0.8	4.0458	13	1.8	2.2578	0.6	29	2	0.39807	29
17	4	24	4	0.8	5.4778	13	1	1.7103	0.6	16	2	0.33364	16
17	4	25	4	0.8	4.5802	13	1.8	1.167	0.6	29	2	0.3814	29
17	4	26	4	0.8	1.1923	13	3	3.3361	0.6	49	2	0.50156	49
17	4	27	4	0.8	1.6849	13	1.4	3.454	0.6	23	2	0.37391	23
17	4	28	4	0.8	1.2352	13	1	3.8706	0.6	16	2	0.37331	16
17	4	29	4	0.8	1.4649	13	2.6	4.6696	0.6	43	2	0.75695	0
17	4	30	4	0.8	3.9166	13	3	5.5642	0.6	49	2	0.51793	49
17	4	31	4	0.8	3.616	13	2.2	5.2424	0.6	36	2	0.53656	36
17	4	32	4	0.8	2.4095	13	1.8	5.3606	0.6	29	2	0.45516	29
17	4	33	4	0.8	1.8869	13	1	4.9735	0.6	16	2	0.45423	16
17	4	34	4	0.8	2.7357	13	2.2	5.0361	0.6	36	2	0.51067	36
17	4	35	4	0.8	1.4926	13	1	3.4251	0.6	16	2	0.34186	16
17	4	36	4	0.8	2.6193	13	1.4	0.8502	0.6	23	2	0.40581	23
];

