% risk_exp2_subject_12

d1 = [12	1	1	1	0.8	1.3617	8	2.6	2.9574	0.9	28	2	0.76432	28
12	1	2	1	0.8	0.92706	8	2.2	4.7067	0.9	24	2	0.75091	24
12	1	3	1	0.8	3.926	8	3	0.65383	0.9	33	2	0.67855	33
12	1	4	1	0.8	5.4077	8	2.2	0.64847	0.9	24	2	0.67062	24
12	1	5	1	0.8	4.1642	8	1	2.3462	0.9	11	2	0.53449	11
12	1	6	1	0.8	2.3378	8	2.6	5.7563	0.9	28	2	0.67748	28
12	1	7	1	0.8	5.4714	8	2.2	2.628	0.9	24	2	0.6854	24
12	1	8	1	0.8	0.68771	8	3	3.1588	0.9	33	2	0.72514	33
12	1	9	1	0.8	5.5003	8	1.8	1.7717	0.9	20	2	0.69407	20
12	1	10	1	0.8	2.3946	8	1	4.3303	0.9	11	2	0.45324	11
12	1	11	1	0.8	0.9176	8	1.4	3.0614	0.9	15	2	0.59076	15
12	1	12	1	0.8	2.6907	8	2.6	4.6301	0.9	28	2	0.52682	28
12	1	13	1	0.8	3.9734	8	3	1.3633	0.9	33	2	0.59827	33
12	1	14	1	0.8	1.9167	8	1.4	5.1937	0.9	15	2	0.35798	15
12	1	15	1	0.8	3.002	8	2.2	0.60585	0.9	24	2	0.57393	24
12	1	16	1	0.8	4.3643	8	1.8	1.6694	0.9	20	2	0.38152	20
12	1	17	1	0.8	3.6139	8	2.6	0.60379	0.9	28	2	0.63756	28
12	1	18	1	0.8	4.5076	8	3	0.91718	0.9	33	2	0.67012	33
12	1	19	1	0.8	1.1946	8	1.4	4.1736	0.9	15	2	0.605	15
12	1	20	1	0.8	4.0397	8	3	5.6137	0.9	33	2	0.67598	33
12	1	21	1	0.8	4.2445	8	1.4	1.468	0.9	15	2	0.36663	15
12	1	22	1	0.8	5.4722	8	2.2	1.9945	0.9	24	2	0.79024	24
12	1	23	1	0.8	0.59707	8	1.4	4.2143	0.9	15	2	0.47037	15
12	1	24	1	0.8	5.2727	8	1.8	0.48165	0.9	20	2	0.54196	20
12	1	25	1	0.8	1.2963	8	1.4	2.9925	0.9	15	2	0.60585	15
12	1	26	1	0.8	2.0775	8	1	4.5614	0.9	11	2	0.45476	11
12	1	27	1	0.8	2.378	8	1.8	5.3362	0.9	20	2	0.68529	20
12	1	28	1	0.8	2.0227	8	2.6	4.6066	0.9	28	2	0.66898	28
12	1	29	1	0.8	5.5303	8	1	0.64376	0.9	11	2	0.36486	11
12	1	30	1	0.8	5.3485	8	2.2	1.3592	0.9	24	2	0.49273	24
12	1	31	1	0.8	1.1229	8	2.6	3.384	0.9	28	2	0.69408	28
12	1	32	1	0.8	4.5237	8	1	2.3277	0.9	11	2	0.66232	11
12	1	33	1	0.8	3.4413	8	3	1.0038	0.9	33	2	0.75084	33
12	1	34	1	0.8	4.0116	8	1	0.64506	0.9	11	2	0.55862	11
12	1	35	1	0.8	5.8051	8	1.8	0.94682	0.9	20	2	0.62035	20
12	1	36	1	0.8	5.4042	8	1.8	2.7625	0.9	20	2	0.62977	20
];

d2 = [12	2	1	2	0.8	4.4036	10	2.6	2.2721	0.8	32	2	0.61439	32
12	2	2	2	0.8	5.6702	10	2.2	2.2146	0.8	27	2	0.5261	27
12	2	3	2	0.8	1.6942	10	3	4.752	0.8	37	2	0.67011	37
12	2	4	2	0.8	3.0473	10	2.2	5.3063	0.8	27	2	0.70218	27
12	2	5	2	0.8	2.434	10	1	5.199	0.8	12	2	0.46176	12
12	2	6	2	0.8	5.6634	10	2.6	3.0056	0.8	32	2	0.67827	32
12	2	7	2	0.8	1.5289	10	2.2	3.3849	0.8	27	2	0.62953	27
12	2	8	2	0.8	3.9483	10	3	0.48246	0.8	37	2	0.70187	37
12	2	9	2	0.8	0.65989	10	1.8	4.5984	0.8	22	2	0.7652	22
12	2	10	2	0.8	4.2467	10	1	2.169	0.8	12	2	0.645	12
12	2	11	2	0.8	0.97213	10	1.4	3.2927	0.8	17	2	1.3664	0
12	2	12	2	0.8	2.6591	10	2.6	4.4068	0.8	32	2	0.87822	0
12	2	13	2	0.8	4.3098	10	3	0.61986	0.8	37	2	0.59869	37
12	2	14	2	0.8	5.8483	10	1.4	1.5633	0.8	17	2	0.3901	17
12	2	15	2	0.8	5.775	10	2.2	0.50078	0.8	27	2	0.60524	27
12	2	16	2	0.8	2.4986	10	1.8	4.5614	0.8	22	2	0.43047	22
12	2	17	2	0.8	3.7081	10	2.6	1.6402	0.8	32	2	0.56556	32
12	2	18	2	0.8	2.4122	10	3	4.4877	0.8	37	2	0.6704	37
12	2	19	2	0.8	0.4849	10	1.4	4.0399	0.8	17	2	0.55001	17
12	2	20	2	0.8	0.87728	10	3	3.3757	0.8	37	2	0.7658	37
12	2	21	2	0.8	5.7533	10	1.4	1.7457	0.8	17	2	0.66941	17
12	2	22	2	0.8	3.676	10	2.2	0.41105	0.8	27	2	0.60639	27
12	2	23	2	0.8	0.74892	10	1.4	3.264	0.8	17	2	0.39014	17
12	2	24	2	0.8	4.0556	10	1.8	1.7101	0.8	22	2	0.52648	22
12	2	25	2	0.8	1.4023	10	1.4	5.4077	0.8	17	2	0.50988	17
12	2	26	2	0.8	1.1623	10	1	3.153	0.8	12	2	0.33381	12
12	2	27	2	0.8	2.1679	10	1.8	3.7522	0.8	22	2	0.5413	22
12	2	28	2	0.8	3.1307	10	2.6	5.6456	0.8	32	2	0.71017	32
12	2	29	2	0.8	0.9359	10	1	5.4994	0.8	12	2	0.58111	12
12	2	30	2	0.8	4.7824	10	2.2	1.1952	0.8	27	2	0.80496	0
12	2	31	2	0.8	2.7567	10	2.6	5.7554	0.8	32	2	0.64705	32
12	2	32	2	0.8	2.8224	10	1	5.596	0.8	12	2	0.43846	12
12	2	33	2	0.8	3.5078	10	3	5.8151	0.8	37	2	0.63802	37
12	2	34	2	0.8	4.2822	10	1	1.1371	0.8	12	2	0.38244	12
12	2	35	2	0.8	5.6135	10	1.8	2.0489	0.8	22	2	0.48593	22
12	2	36	2	0.8	2.957	10	1.8	5.0404	0.8	22	2	0.50967	22
];

d3 = [12	3	1	3	0.8	3.2447	11	2.6	5.8114	0.7	37	2	0.583	37
12	3	2	3	0.8	1.6073	11	2.2	4.1409	0.7	31	2	0.63034	31
12	3	3	3	0.8	0.71773	11	3	5.1465	0.7	42	2	0.639	42
12	3	4	3	0.8	1.538	11	2.2	3.7859	0.7	31	2	1.0939	0
12	3	5	3	0.8	3.7194	11	1	0.55184	0.7	14	2	0.46991	14
12	3	6	3	0.8	2.0903	11	2.6	5.7021	0.7	37	2	0.6775	37
12	3	7	3	0.8	3.8423	11	2.2	2.169	0.7	31	2	0.6132	31
12	3	8	3	0.8	2.4664	11	3	4.2445	0.7	42	2	0.69366	42
12	3	9	3	0.8	2.1635	11	1.8	5.4237	0.7	25	2	0.43708	25
12	3	10	3	0.8	0.82384	11	1	4.421	0.7	14	2	0.38283	14
12	3	11	3	0.8	1.0732	11	1.4	3.2186	0.7	19	2	0.50243	19
12	3	12	3	0.8	2.6958	11	2.6	5.0321	0.7	37	2	0.53445	37
12	3	13	3	0.8	4.5621	11	3	0.488	0.7	42	2	1.0061	0
12	3	14	3	0.8	5.3549	11	1.4	1.8951	0.7	19	2	0.39862	19
12	3	15	3	0.8	5.2269	11	2.2	3.59	0.7	31	2	0.54995	31
12	3	16	3	0.8	4.0326	11	1.8	2.233	0.7	25	2	0.74971	0
12	3	17	3	0.8	3.7182	11	2.6	1.6426	0.7	37	2	0.51744	37
12	3	18	3	0.8	1.4608	11	3	5.0887	0.7	42	2	0.5989	42
12	3	19	3	0.8	1.4751	11	1.4	4.9638	0.7	19	2	0.59664	19
12	3	20	3	0.8	3.8409	11	3	0.78456	0.7	42	2	0.59804	42
12	3	21	3	0.8	1.8854	11	1.4	4.332	0.7	19	2	0.4145	19
12	3	22	3	0.8	4.3997	11	2.2	2.5688	0.7	31	2	0.50276	31
12	3	23	3	0.8	0.41944	11	1.4	5.7109	0.7	19	2	0.73414	0
12	3	24	3	0.8	1.7153	11	1.8	3.5633	0.7	25	2	0.55803	25
12	3	25	3	0.8	0.50211	11	1.4	3.8142	0.7	19	2	0.58968	19
12	3	26	3	0.8	5.3622	11	1	2.5025	0.7	14	2	0.37454	14
12	3	27	3	0.8	2.455	11	1.8	0.85333	0.7	25	2	0.54975	25
12	3	28	3	0.8	2.4278	11	2.6	5.2155	0.7	37	2	0.70992	0
12	3	29	3	0.8	4.6559	11	1	2.6844	0.7	14	2	0.70152	0
12	3	30	3	0.8	4.287	11	2.2	2.0685	0.7	31	2	0.6139	31
12	3	31	3	0.8	3.2612	11	2.6	5.7621	0.7	37	2	0.6945	37
12	3	32	3	0.8	3.3269	11	1	0.43816	0.7	14	2	0.359	14
12	3	33	3	0.8	3.234	11	3	0.78377	0.7	42	2	0.67844	42
12	3	34	3	0.8	1.3676	11	1	5.0392	0.7	14	1	0.28758	11
12	3	35	3	0.8	1.1369	11	1.8	3.137	0.7	25	2	0.48427	25
12	3	36	3	0.8	2.3314	11	1.8	4.1306	0.7	25	2	0.47021	25
];

d4 = [12	4	1	4	0.8	3.148	13	2.6	5.3203	0.6	43	2	0.72712	0
12	4	2	4	0.8	0.94874	13	2.2	3.7712	0.6	36	2	0.59842	36
12	4	3	4	0.8	0.57492	13	3	3.232	0.6	49	2	0.56553	49
12	4	4	4	0.8	3.2553	13	2.2	0.98877	0.6	36	2	0.57403	36
12	4	5	4	0.8	0.45562	13	1	4.4082	0.6	16	2	0.43046	16
12	4	6	4	0.8	3.4582	13	2.6	0.94423	0.6	43	2	0.58196	43
12	4	7	4	0.8	3.6762	13	2.2	5.4552	0.6	36	2	0.66158	0
12	4	8	4	0.8	2.2036	13	3	4.0455	0.6	49	2	0.64427	0
12	4	9	4	0.8	2.4844	13	1.8	5.6354	0.6	29	2	0.55696	29
12	4	10	4	0.8	0.72677	13	1	3.7861	0.6	16	2	0.66277	0
12	4	11	4	0.8	5.2358	13	1.4	0.51944	0.6	23	1	0.50286	13
12	4	12	4	0.8	4.1577	13	2.6	0.54432	0.6	43	1	0.40646	13
12	4	13	4	0.8	1.8117	13	3	5.0526	0.6	49	1	0.31968	13
12	4	14	4	0.8	5.6102	13	1.4	0.87996	0.6	23	2	0.57424	23
12	4	15	4	0.8	0.79382	13	2.2	2.7352	0.6	36	2	0.59818	36
12	4	16	4	0.8	3.6134	13	1.8	1.8909	0.6	29	2	0.50979	29
12	4	17	4	0.8	0.71539	13	2.6	5.2417	0.6	43	2	0.67787	0
12	4	18	4	0.8	5.2108	13	3	0.41105	0.6	49	2	0.65398	0
12	4	19	4	0.8	1.3352	13	1.4	4.8457	0.6	23	2	0.42916	23
12	4	20	4	0.8	0.814	13	3	2.9929	0.6	49	2	0.63677	0
12	4	21	4	0.8	1.4023	13	1.4	5.7538	0.6	23	2	0.6063	0
12	4	22	4	0.8	3.9516	13	2.2	2.2458	0.6	36	2	0.64579	0
12	4	23	4	0.8	5.4042	13	1.4	1.0106	0.6	23	1	0.35982	13
12	4	24	4	0.8	3.1722	13	1.8	0.45538	0.6	29	1	0.31048	13
12	4	25	4	0.8	2.7371	13	1.4	5.606	0.6	23	1	0.3507	13
12	4	26	4	0.8	5.7923	13	1	1.0615	0.6	16	2	0.35862	16
12	4	27	4	0.8	1.8779	13	1.8	4.4989	0.6	29	1	0.33389	13
12	4	28	4	0.8	2.3582	13	2.6	5.255	0.6	43	1	0.46949	13
12	4	29	4	0.8	5.8574	13	1	0.75076	0.6	16	1	0.32293	13
12	4	30	4	0.8	4.2483	13	2.2	0.55048	0.6	36	2	0.75704	0
12	4	31	4	0.8	4.7047	13	2.6	1.5313	0.6	43	1	0.3747	13
12	4	32	4	0.8	4.2741	13	1	1.3727	0.6	16	2	0.24663	16
12	4	33	4	0.8	4.4036	13	3	2.2721	0.6	49	2	0.52705	49
12	4	34	4	0.8	4.8183	13	1	2.7629	0.6	16	2	0.29381	16
12	4	35	4	0.8	3.2965	13	1.8	1.6272	0.6	29	2	0.36672	29
12	4	36	4	0.8	0.59023	13	1.8	5.4534	0.6	29	2	0.35848	29
];

