% risk_exp2_subject_07

d1 = [7	1	1	1	0.8	2.8515	8	1.8	4.595	0.9	20	1	1.0128	0
7	1	2	1	0.8	5.3644	8	1.4	3.2965	0.9	15	2	1.4074	0
7	1	3	1	0.8	4.4368	8	1	2.396	0.9	11	2	2.486	0
7	1	4	1	0.8	0.62701	8	1.8	3.8243	0.9	20	1	2.7916	0
7	1	5	1	0.8	1.7903	8	1.8	4.3059	0.9	20	1	1.7501	0
7	1	6	1	0.8	1.9541	8	3	4.4926	0.9	33	2	2.59	0
7	1	7	1	0.8	4.3747	8	1	2.0137	0.9	11	2	0.94999	0
7	1	8	1	0.8	2.5675	8	2.6	4.9413	0.9	28	1	0.69445	8
7	1	9	1	0.8	5.5222	8	2.2	0.51228	0.9	24	1	0.8383	8
7	1	10	1	0.8	1.7833	8	1.4	4.4524	0.9	15	1	0.60385	8
7	1	11	1	0.8	3.6002	8	1.4	1.569	0.9	15	2	0.9425	0
7	1	12	1	0.8	4.7278	8	1.4	0.54794	0.9	15	1	0.65482	8
7	1	13	1	0.8	4.6925	8	2.2	0.60614	0.9	24	1	1.1667	0
7	1	14	1	0.8	5.7778	8	1.8	3.5068	0.9	20	1	0.74246	8
7	1	15	1	0.8	2.4986	8	3	5.7998	0.9	33	1	0.57396	8
7	1	16	1	0.8	0.86681	8	3	4.2229	0.9	33	1	1.1341	0
7	1	17	1	0.8	5.2062	8	3	0.4278	0.9	33	1	0.52661	8
7	1	18	1	0.8	1.8535	8	1	5.0468	0.9	11	1	0.58208	8
7	1	19	1	0.8	1.05	8	2.2	3.2169	0.9	24	1	0.75747	8
7	1	20	1	0.8	1.4198	8	1.4	4.2531	0.9	15	1	0.61314	8
7	1	21	1	0.8	4.0709	8	1	0.71007	0.9	11	1	0.59895	8
7	1	22	1	0.8	5.7561	8	2.6	1.9777	0.9	28	2	0.67807	28
7	1	23	1	0.8	5.2791	8	1.8	3.3398	0.9	20	2	0.70226	20
7	1	24	1	0.8	4.7757	8	1.4	0.71441	0.9	15	2	0.56579	15
7	1	25	1	0.8	2.9021	8	2.2	1.33	0.9	24	2	0.71811	24
7	1	26	1	0.8	4.1204	8	2.6	1.1916	0.9	28	2	0.74274	28
7	1	27	1	0.8	4.3047	8	2.6	1.8365	0.9	28	2	0.96609	0
7	1	28	1	0.8	5.8178	8	1	1.612	0.9	11	1	0.41448	8
7	1	29	1	0.8	1.3843	8	3	4.7363	0.9	33	2	0.69378	33
7	1	30	1	0.8	2.2155	8	2.2	0.45933	0.9	24	2	0.72514	24
7	1	31	1	0.8	3.3208	8	2.6	5.3607	0.9	28	2	0.60672	28
7	1	32	1	0.8	1.7729	8	1	4.7294	0.9	11	2	0.7182	11
7	1	33	1	0.8	4.5213	8	3	1.6045	0.9	33	2	0.5827	33
7	1	34	1	0.8	2.0227	8	2.6	4.6066	0.9	28	2	0.83807	28
7	1	35	1	0.8	1.3343	8	2.2	5.1312	0.9	24	2	0.83219	24
7	1	36	1	0.8	5.4453	8	1.8	2.0502	0.9	20	2	0.62986	20
];

d2 = [7	2	1	2	0.8	5.7966	10	1.8	0.52623	0.8	22	2	0.71062	22
7	2	2	2	0.8	4.1691	10	1.4	5.8383	0.8	17	1	0.63905	10
7	2	3	2	0.8	5.1088	10	1	2.9395	0.8	12	2	0.48596	12
7	2	4	2	0.8	1.4195	10	1.8	4.7884	0.8	22	2	0.64634	22
7	2	5	2	0.8	5.2859	10	1.8	2.3094	0.8	22	2	0.66996	22
7	2	6	2	0.8	2.9663	10	3	0.85318	0.8	37	2	0.86966	0
7	2	7	2	0.8	3.2129	10	1	5.618	0.8	12	1	0.48476	10
7	2	8	2	0.8	5.6522	10	2.6	3.1879	0.8	32	2	0.65354	32
7	2	9	2	0.8	5.5223	10	2.2	3.008	0.8	27	2	0.60485	27
7	2	10	2	0.8	1.8193	10	1.4	3.7003	0.8	17	2	0.5739	17
7	2	11	2	0.8	1.9447	10	1.4	4.8774	0.8	17	2	0.57422	17
7	2	12	2	0.8	3.6147	10	1.4	1.3572	0.8	17	2	0.61501	17
7	2	13	2	0.8	3.4823	10	2.2	1.1312	0.8	27	2	1.0145	0
7	2	14	2	0.8	0.87451	10	1.8	3.8243	0.8	22	2	0.66179	22
7	2	15	2	0.8	1.9638	10	3	4.7953	0.8	37	2	0.83007	0
7	2	16	2	0.8	0.65396	10	3	4.7071	0.8	37	2	0.75843	37
7	2	17	2	0.8	5.6137	10	3	1.3535	0.8	37	2	1.0306	0
7	2	18	2	0.8	4.1054	10	1	2.412	0.8	12	2	0.48523	12
7	2	19	2	0.8	4.1368	10	2.2	2.556	0.8	27	2	0.70119	27
7	2	20	2	0.8	5.5853	10	1.4	1.4816	0.8	17	2	0.58164	17
7	2	21	2	0.8	1.6484	10	1	3.3272	0.8	12	2	0.56709	12
7	2	22	2	0.8	5.8756	10	2.6	3.4711	0.8	32	2	0.66226	32
7	2	23	2	0.8	2.4986	10	1.8	0.87648	0.8	22	2	0.70892	22
7	2	24	2	0.8	0.55258	10	1.4	4.2894	0.8	17	2	0.59789	17
7	2	25	2	0.8	3.9085	10	2.2	1.9619	0.8	27	2	0.76642	27
7	2	26	2	0.8	4.0598	10	2.6	1.6945	0.8	32	2	0.79774	32
7	2	27	2	0.8	1.0437	10	2.6	5.6457	0.8	32	2	0.89306	0
7	2	28	2	0.8	1.1847	10	1	4.1625	0.8	12	1	0.57372	10
7	2	29	2	0.8	3.0087	10	3	4.6291	0.8	37	2	0.79015	37
7	2	30	2	0.8	4.2445	10	2.2	2.4968	0.8	27	2	0.81291	0
7	2	31	2	0.8	0.68987	10	2.6	4.2386	0.8	32	2	0.96731	0
7	2	32	2	0.8	4.6642	10	1	2.5783	0.8	12	2	0.61425	12
7	2	33	2	0.8	0.70033	10	3	3.3966	0.8	37	2	0.60618	37
7	2	34	2	0.8	4.1471	10	2.6	1.9038	0.8	32	2	0.64603	32
7	2	35	2	0.8	4.1691	10	2.2	5.8383	0.8	27	2	1.0778	0
7	2	36	2	0.8	0.87707	10	1.8	3.8066	0.8	22	2	0.63749	22
];

d3 = [7	3	1	3	0.8	4.875	11	1.8	2.0687	0.7	25	2	0.75824	0
7	3	2	3	0.8	4.9075	11	1.4	0.9906	0.7	19	2	0.57485	19
7	3	3	3	0.8	3.9399	11	1	1.6682	0.7	14	2	0.50939	14
7	3	4	3	0.8	3.4914	11	1.8	1.8794	0.7	25	2	0.63794	25
7	3	5	3	0.8	2.2048	11	1.8	4.4539	0.7	25	2	0.62194	25
7	3	6	3	0.8	5.8045	11	3	2.196	0.7	42	2	0.7735	0
7	3	7	3	0.8	4.3099	11	1	0.56697	0.7	14	2	0.62879	14
7	3	8	3	0.8	5.1465	11	2.6	0.97699	0.7	37	2	0.90202	0
7	3	9	3	0.8	1.9637	11	2.2	4.0317	0.7	31	2	0.6772	31
7	3	10	3	0.8	4.9735	11	1.4	2.5648	0.7	19	2	0.52471	19
7	3	11	3	0.8	0.87516	11	1.4	3.9452	0.7	19	2	0.6553	19
7	3	12	3	0.8	1.7442	11	1.4	5.8208	0.7	19	2	0.78238	0
7	3	13	3	0.8	3.7292	11	2.2	1.1708	0.7	31	2	0.63806	31
7	3	14	3	0.8	5.1092	11	1.8	2.453	0.7	25	2	0.7656	0
7	3	15	3	0.8	3.9043	11	3	1.4571	0.7	42	2	0.66243	42
7	3	16	3	0.8	4.0455	11	3	1.6603	0.7	42	2	0.93366	0
7	3	17	3	0.8	4.476	11	3	1.669	0.7	42	2	0.76608	0
7	3	18	3	0.8	1.8509	11	1	4.7294	0.7	14	2	0.46928	14
7	3	19	3	0.8	0.92716	11	2.2	4.5081	0.7	31	2	0.701	0
7	3	20	3	0.8	4.4877	11	1.4	2.2167	0.7	19	2	0.58895	19
7	3	21	3	0.8	4.2346	11	1	2.2702	0.7	14	2	0.85414	0
7	3	22	3	0.8	0.70226	11	2.6	3.6134	0.7	37	2	0.7663	0
7	3	23	3	0.8	0.71539	11	1.8	3.7763	0.7	25	1	0.64728	11
7	3	24	3	0.8	4.697	11	1.4	0.73322	0.7	19	1	0.51041	11
7	3	25	3	0.8	4.1515	11	2.2	1.2182	0.7	31	2	0.7501	0
7	3	26	3	0.8	2.7254	11	2.6	4.6368	0.7	37	1	0.54209	11
7	3	27	3	0.8	2.108	11	2.6	4.5292	0.7	37	1	0.44446	11
7	3	28	3	0.8	1.3142	11	1	3.3759	0.7	14	1	0.46979	11
7	3	29	3	0.8	4.5983	11	3	2.4909	0.7	42	1	0.50954	11
7	3	30	3	0.8	1.3174	11	2.2	5.8609	0.7	31	1	0.76559	0
7	3	31	3	0.8	1.9038	11	2.6	3.6117	0.7	37	2	0.6384	37
7	3	32	3	0.8	3.5132	11	1	1.6943	0.7	14	2	0.55051	14
7	3	33	3	0.8	2.5358	11	3	5.424	0.7	42	2	1.0543	0
7	3	34	3	0.8	5.1562	11	2.6	2.2527	0.7	37	2	0.64569	37
7	3	35	3	0.8	4.5847	11	2.2	1.5701	0.7	31	2	0.61383	31
7	3	36	3	0.8	2.8884	11	1.8	0.52547	0.7	25	2	0.69386	25
];

d4 = [7	4	1	4	0.8	1.4871	13	1.8	5.5601	0.6	29	1	0.41525	13
7	4	2	4	0.8	3.5257	13	1.4	1.8576	0.6	23	1	0.41481	13
7	4	3	4	0.8	2.8993	13	1	0.40152	0.6	16	1	0.41437	13
7	4	4	4	0.8	5.1645	13	1.8	2.5174	0.6	29	2	0.62183	0
7	4	5	4	0.8	1.9962	13	1.8	3.7571	0.6	29	1	0.52612	13
7	4	6	4	0.8	2.1391	13	3	4.1152	0.6	49	2	0.71104	0
7	4	7	4	0.8	4.2559	13	1	1.3692	0.6	16	2	0.62987	0
7	4	8	4	0.8	1.695	13	2.6	4.6755	0.6	43	2	0.57247	43
7	4	9	4	0.8	3.2384	13	2.2	0.97478	0.6	36	2	0.88587	0
7	4	10	4	0.8	2.4024	13	1.4	4.9561	0.6	23	2	0.59853	23
7	4	11	4	0.8	2.3954	13	1.4	4.6927	0.6	23	2	0.89501	0
7	4	12	4	0.8	1.0814	13	1.4	4.5326	0.6	23	2	0.8864	0
7	4	13	4	0.8	1.3742	13	2.2	4.3153	0.6	36	1	0.45429	13
7	4	14	4	0.8	2.6483	13	1.8	1.0618	0.6	29	1	0.55838	13
7	4	15	4	0.8	5.7123	13	3	2.4665	0.6	49	2	0.70992	0
7	4	16	4	0.8	3.3395	13	3	5.2521	0.6	49	2	0.72645	0
7	4	17	4	0.8	5.3438	13	3	2.0231	0.6	49	2	0.71905	0
7	4	18	4	0.8	3.2511	13	1	5.4781	0.6	16	2	0.46103	16
7	4	19	4	0.8	1.8731	13	2.2	4.5031	0.6	36	2	0.70145	0
7	4	20	4	0.8	3.4455	13	1.4	1.1731	0.6	23	2	0.50116	23
7	4	21	4	0.8	1.0187	13	1	5.823	0.6	16	2	0.48652	16
7	4	22	4	0.8	3.839	13	2.6	1.7223	0.6	43	2	0.83831	0
7	4	23	4	0.8	3.2552	13	1.8	1.439	0.6	29	2	0.69409	0
7	4	24	4	0.8	2.9574	13	1.4	5.8339	0.6	23	1	0.46176	13
7	4	25	4	0.8	1.6576	13	2.2	4.2649	0.6	36	1	0.43022	13
7	4	26	4	0.8	3.1785	13	2.6	0.64506	0.6	43	1	0.35874	13
7	4	27	4	0.8	2.8141	13	2.6	4.9096	0.6	43	1	0.46361	13
7	4	28	4	0.8	1.2224	13	1	4.6438	0.6	16	1	0.44647	13
7	4	29	4	0.8	2.5546	13	3	0.65512	0.6	49	2	0.64742	0
7	4	30	4	0.8	1.486	13	2.2	4.2929	0.6	36	2	0.60536	0
7	4	31	4	0.8	2.4216	13	2.6	5.4688	0.6	43	1	0.41496	13
7	4	32	4	0.8	1.8805	13	1	4.0591	0.6	16	2	0.46239	16
7	4	33	4	0.8	5.7367	13	3	0.80778	0.6	49	1	0.4703	13
7	4	34	4	0.8	1.961	13	2.6	5.781	0.6	43	2	0.67808	0
7	4	35	4	0.8	2.648	13	2.2	5.7578	0.6	36	2	0.69285	0
7	4	36	4	0.8	1.2752	13	1.8	5.708	0.6	29	2	0.50985	29
];

