% risk_exp2_subject_05

d1 = [5	1	1	1	0.8	0.82551	8	1.4	4.7732	0.9	15	2	1.0865	0
5	1	2	1	0.8	4.4245	8	1	0.50211	0.9	11	2	0.79017	11
5	1	3	1	0.8	3.236	8	1.8	5.8422	0.9	20	2	1.5738	0
5	1	4	1	0.8	2.4069	8	2.2	5.4116	0.9	24	2	0.92645	0
5	1	5	1	0.8	0.87349	8	3	3.2323	0.9	33	2	0.95008	0
5	1	6	1	0.8	1.2281	8	2.2	3.1249	0.9	24	2	0.78169	24
5	1	7	1	0.8	5.5223	8	1.4	3.008	0.9	15	2	0.6278	15
5	1	8	1	0.8	2.3715	8	1	0.76475	0.9	11	2	0.566	11
5	1	9	1	0.8	3.6147	8	2.6	1.3572	0.9	28	2	0.76525	28
5	1	10	1	0.8	3.5599	8	2.6	5.1893	0.9	28	2	0.89284	28
5	1	11	1	0.8	1.1784	8	1.4	4.5459	0.9	15	2	1.0145	0
5	1	12	1	0.8	5.4136	8	3	2.481	0.9	33	2	0.97438	0
5	1	13	1	0.8	2.6344	8	2.6	0.79857	0.9	28	1	0.46358	8
5	1	14	1	0.8	5.3465	8	1.8	2.1711	0.9	20	1	0.43857	8
5	1	15	1	0.8	3.0595	8	2.2	5.6938	0.9	24	1	0.44402	8
5	1	16	1	0.8	0.92155	8	2.2	2.7228	0.9	24	2	0.6535	24
5	1	17	1	0.8	1.3742	8	2.6	4.2499	0.9	28	2	0.63059	28
5	1	18	1	0.8	3.6701	8	3	5.7228	0.9	33	2	0.6621	33
5	1	19	1	0.8	4.2857	8	3	0.65679	0.9	33	2	0.90988	0
5	1	20	1	0.8	1.8511	8	1	3.6403	0.9	11	1	0.5255	8
5	1	21	1	0.8	4.4386	8	3	0.51749	0.9	33	1	0.43917	8
5	1	22	1	0.8	5.5896	8	2.6	2.4287	0.9	28	1	0.42265	8
5	1	23	1	0.8	4.3587	8	1.8	1.5449	0.9	20	2	1.046	0
5	1	24	1	0.8	4.7395	8	3	2.9519	0.9	33	2	0.72663	33
5	1	25	1	0.8	0.62468	8	1	5.6357	0.9	11	2	0.36572	11
5	1	26	1	0.8	2.3295	8	1.4	5.8809	0.9	15	2	0.69482	15
5	1	27	1	0.8	1.7101	8	1	4.236	0.9	11	2	0.97333	0
5	1	28	1	0.8	3.6788	8	2.2	0.4406	0.9	24	2	0.74197	24
5	1	29	1	0.8	2.2284	8	1.8	5.3731	0.9	20	1	0.36933	8
5	1	30	1	0.8	0.65512	8	1	3.5533	0.9	11	2	0.48399	11
5	1	31	1	0.8	2.4855	8	1.8	5.411	0.9	20	1	0.61537	8
5	1	32	1	0.8	4.0455	8	2.6	5.7956	0.9	28	1	0.53486	8
5	1	33	1	0.8	2.9811	8	1.4	5.1997	0.9	15	2	0.57401	15
5	1	34	1	0.8	3.7864	8	1.8	5.4675	0.9	20	2	0.63802	20
5	1	35	1	0.8	4.812	8	1.4	0.4278	0.9	15	2	0.59934	15
5	1	36	1	0.8	1.3921	8	2.2	4.2381	0.9	24	2	0.64634	24
];

d2 = [5	2	1	2	0.8	1.3925	10	1.4	4.3325	0.8	17	2	0.50312	17
5	2	2	2	0.8	1.0305	10	1	4.9807	0.8	12	1	0.43914	10
5	2	3	2	0.8	2.0324	10	1.8	4.1633	0.8	22	2	0.68541	22
5	2	4	2	0.8	4.3158	10	2.2	0.86984	0.8	27	2	0.60751	27
5	2	5	2	0.8	0.52244	10	3	3.2534	0.8	37	2	0.8617	0
5	2	6	2	0.8	4.4339	10	2.2	1.2036	0.8	27	2	0.58255	27
5	2	7	2	0.8	1.8127	10	1.4	4.7912	0.8	17	2	0.44644	17
5	2	8	2	0.8	2.6854	10	1	5.659	0.8	12	2	0.40604	12
5	2	9	2	0.8	3.3367	10	2.6	0.76832	0.8	32	2	0.6292	32
5	2	10	2	0.8	5.0963	10	2.6	0.75394	0.8	32	2	1.0858	0
5	2	11	2	0.8	5.2867	10	1.4	2.2975	0.8	17	2	0.64672	17
5	2	12	2	0.8	0.61754	10	3	2.9789	0.8	37	2	0.54818	37
5	2	13	2	0.8	2.0595	10	2.6	5.0732	0.8	32	2	0.5182	32
5	2	14	2	0.8	4.359	10	1.8	1.7898	0.8	22	2	0.5949	22
5	2	15	2	0.8	2.0254	10	2.2	3.9615	0.8	27	2	0.67883	27
5	2	16	2	0.8	5.61	10	2.2	2.3866	0.8	27	2	0.6386	27
5	2	17	2	0.8	4.0514	10	2.6	1.5115	0.8	32	2	1.1987	0
5	2	18	2	0.8	1.8711	10	3	5.4042	0.8	37	2	0.6777	37
5	2	19	2	0.8	4.3909	10	3	1.3586	0.8	37	2	0.66544	37
5	2	20	2	0.8	1.5966	10	1	4.6625	0.8	12	2	0.6535	12
5	2	21	2	0.8	0.67414	10	3	3.1588	0.8	37	2	0.68689	37
5	2	22	2	0.8	4.4908	10	2.6	2.7238	0.8	32	2	0.63954	32
5	2	23	2	0.8	3.0642	10	1.8	5.5003	0.8	22	2	0.53372	22
5	2	24	2	0.8	1.5265	10	3	5.5322	0.8	37	2	0.70209	37
5	2	25	2	0.8	5.0462	10	1	2.9557	0.8	12	2	0.8778	0
5	2	26	2	0.8	5.4726	10	1.4	2.6944	0.8	17	2	0.54961	17
5	2	27	2	0.8	2.6907	10	1	4.6301	0.8	12	2	0.58107	12
5	2	28	2	0.8	5.3315	10	2.2	0.39872	0.8	27	2	0.63702	27
5	2	29	2	0.8	0.77365	10	1.8	5.869	0.8	22	2	0.71731	22
5	2	30	2	0.8	4.2891	10	1	2.0873	0.8	12	2	0.65244	12
5	2	31	2	0.8	0.41449	10	1.8	4.7642	0.8	22	2	0.68705	22
5	2	32	2	0.8	1.6737	10	2.6	4.2771	0.8	32	2	0.77434	32
5	2	33	2	0.8	1.3525	10	1.4	4.7031	0.8	17	2	0.61437	17
5	2	34	2	0.8	5.1359	10	1.8	0.55184	0.8	22	2	0.60627	22
5	2	35	2	0.8	0.69606	10	1.4	3.1441	0.8	17	1	0.52639	10
5	2	36	2	0.8	0.77468	10	2.2	5.7683	0.8	27	2	0.75056	27
];

d3 = [5	3	1	3	0.8	5.5814	11	1.4	0.73431	0.7	19	2	0.60749	19
5	3	2	3	0.8	4.7597	11	1	2.3797	0.7	14	2	0.6441	14
5	3	3	3	0.8	5.3828	11	1.8	3.7121	0.7	25	2	0.78202	0
5	3	4	3	0.8	3.4502	11	2.2	1.3409	0.7	31	2	0.55263	31
5	3	5	3	0.8	4.3439	11	3	2.3351	0.7	42	2	0.74942	0
5	3	6	3	0.8	3.6249	11	2.2	0.39352	0.7	31	2	1.0535	0
5	3	7	3	0.8	4.7933	11	1.4	2.5162	0.7	19	2	0.63816	19
5	3	8	3	0.8	3.6894	11	1	2.0849	0.7	14	2	0.56522	14
5	3	9	3	0.8	2.9111	11	2.6	5.6276	0.7	37	2	0.74113	0
5	3	10	3	0.8	2.6753	11	2.6	0.47975	0.7	37	2	0.58905	37
5	3	11	3	0.8	1.2318	11	1.4	4.4931	0.7	19	2	0.4784	19
5	3	12	3	0.8	1.7998	11	3	3.4665	0.7	42	2	0.63038	42
5	3	13	3	0.8	0.92686	11	2.6	2.6915	0.7	37	2	0.65468	37
5	3	14	3	0.8	2.4667	11	1.8	4.4937	0.7	25	2	0.64223	25
5	3	15	3	0.8	0.49865	11	2.2	2.2284	0.7	31	2	0.59932	31
5	3	16	3	0.8	1.2999	11	2.2	4.9541	0.7	31	2	0.61474	31
5	3	17	3	0.8	1.486	11	2.6	4.2929	0.7	37	2	0.69338	37
5	3	18	3	0.8	3.4805	11	3	5.556	0.7	42	2	0.80594	0
5	3	19	3	0.8	0.52905	11	3	5.8712	0.7	42	2	0.75029	0
5	3	20	3	0.8	3.7774	11	1	1.9558	0.7	14	2	0.45269	14
5	3	21	3	0.8	3.7864	11	3	5.4675	0.7	42	2	0.7982	0
5	3	22	3	0.8	5.4105	11	2.6	2.1187	0.7	37	2	0.75853	0
5	3	23	3	0.8	2.1769	11	1.8	4.6562	0.7	25	2	0.99087	0
5	3	24	3	0.8	0.9291	11	3	3.2817	0.7	42	2	0.60676	42
5	3	25	3	0.8	5.1354	11	1	1.9029	0.7	14	2	0.49368	14
5	3	26	3	0.8	0.62748	11	1.4	2.7923	0.7	19	2	0.57285	19
5	3	27	3	0.8	0.41981	11	1	2.8246	0.7	14	1	0.5103	11
5	3	28	3	0.8	4.4888	11	2.2	2.6344	0.7	31	2	0.63677	31
5	3	29	3	0.8	1.9712	11	1.8	4.3325	0.7	25	2	0.53391	25
5	3	30	3	0.8	1.8954	11	1	4.0242	0.7	14	2	0.46097	14
5	3	31	3	0.8	4.476	11	1.8	2.3504	0.7	25	2	0.4865	25
5	3	32	3	0.8	4.8336	11	2.6	1.792	0.7	37	2	0.55128	37
5	3	33	3	0.8	2.5939	11	1.4	5.7477	0.7	19	2	0.51942	19
5	3	34	3	0.8	5.254	11	1.8	3.0034	0.7	25	2	0.59816	25
5	3	35	3	0.8	2.953	11	1.4	5.0441	0.7	19	2	0.53381	19
5	3	36	3	0.8	5.8064	11	2.2	0.61321	0.7	31	2	0.60602	31
];

d4 = [5	4	1	4	0.8	4.4399	13	1.4	2.7361	0.6	23	2	0.48654	23
5	4	2	4	0.8	5.7367	13	1	2.0717	0.6	16	2	0.5263	16
5	4	3	4	0.8	5.8903	13	1.8	2.2975	0.6	29	2	0.54205	29
5	4	4	4	0.8	2.6727	13	2.2	4.3639	0.6	36	2	0.67024	0
5	4	5	4	0.8	4.6628	13	3	2.2783	0.6	49	2	0.46258	49
5	4	6	4	0.8	3.7693	13	2.2	5.5762	0.6	36	2	0.69379	0
5	4	7	4	0.8	1.5261	13	1.4	4.302	0.6	23	2	0.49643	23
5	4	8	4	0.8	2.5951	13	1	5.4988	0.6	16	2	0.81249	0
5	4	9	4	0.8	5.4713	13	2.6	3.809	0.6	43	2	0.74116	0
5	4	10	4	0.8	2.3339	13	2.6	4.0787	0.6	43	2	0.71731	0
5	4	11	4	0.8	4.2786	13	1.4	0.68702	0.6	23	1	0.47892	13
5	4	12	4	0.8	3.8416	13	3	1.6704	0.6	49	1	0.43872	13
5	4	13	4	0.8	5.6479	13	2.6	3.6336	0.6	43	1	0.48653	13
5	4	14	4	0.8	2.8122	13	1.8	5.7145	0.6	29	2	0.57529	29
5	4	15	4	0.8	5.7574	13	2.2	2.9811	0.6	36	2	0.60339	0
5	4	16	4	0.8	4.44	13	2.2	1.7852	0.6	36	2	0.62244	0
5	4	17	4	0.8	1.0148	13	2.6	4.3303	0.6	43	1	0.40573	13
5	4	18	4	0.8	5.4778	13	3	2.712	0.6	49	1	0.35706	13
5	4	19	4	0.8	0.72152	13	3	4.5802	0.6	49	1	0.52531	13
5	4	20	4	0.8	1.752	13	1	3.4124	0.6	16	2	1.0138	0
5	4	21	4	0.8	5.6632	13	3	2.4181	0.6	49	1	0.41535	13
5	4	22	4	0.8	5.7474	13	2.6	3.4523	0.6	43	1	0.37622	13
5	4	23	4	0.8	0.84878	13	1.8	5.4567	0.6	29	1	0.39862	13
5	4	24	4	0.8	3.0985	13	3	5.1624	0.6	49	1	0.37351	13
5	4	25	4	0.8	4.1409	13	1	1.0743	0.6	16	2	0.46164	16
5	4	26	4	0.8	2.3954	13	1.4	0.67332	0.6	23	2	0.59841	23
5	4	27	4	0.8	3.696	13	1	0.71441	0.6	16	2	0.55762	16
5	4	28	4	0.8	1.3117	13	2.2	4.6814	0.6	36	1	0.54992	13
5	4	29	4	0.8	0.50557	13	1.8	4.8393	0.6	29	1	0.58132	13
5	4	30	4	0.8	2.5067	13	1	0.69606	0.6	16	2	0.49293	16
5	4	31	4	0.8	1.1957	13	1.8	5.6042	0.6	29	1	0.47092	13
5	4	32	4	0.8	2.4486	13	2.6	4.7958	0.6	43	1	0.47917	13
5	4	33	4	0.8	5.8131	13	1.4	3.3542	0.6	23	2	0.45468	23
5	4	34	4	0.8	3.0425	13	1.8	5.1092	0.6	29	2	0.62196	0
5	4	35	4	0.8	0.97333	13	1.4	2.9951	0.6	23	2	0.53357	23
5	4	36	4	0.8	5.5074	13	2.2	0.93687	0.6	36	2	0.70222	0
];

