% risk_exp2_subject_01

d1 = [1	1	1	1	0.8	4.2	8	2.6	2.5505	0.9	28	2	1.1683	0
1	1	2	1	0.8	2.2162	8	2.2	5.074	0.9	24	1	0.52827	8
1	1	3	1	0.8	3.6325	8	1.8	0.77965	0.9	20	2	0.84615	20
1	1	4	1	0.8	3.7171	8	1	1.7603	0.9	11	2	0.5736	11
1	1	5	1	0.8	3.2008	8	3	0.43629	0.9	33	2	0.96536	0
1	1	6	1	0.8	2.5579	8	1.4	4.7827	0.9	15	2	0.71853	15
1	1	7	1	0.8	1.755	8	2.6	4.5049	0.9	28	2	0.75015	28
1	1	8	1	0.8	1.3966	8	1	4.1406	0.9	11	2	0.57373	11
1	1	9	1	0.8	0.4624	8	1.4	2.1683	0.9	15	2	0.72459	15
1	1	10	1	0.8	3.3757	8	3	1.636	0.9	33	2	0.62975	33
1	1	11	1	0.8	0.75308	8	1	5.1128	0.9	11	2	0.67865	11
1	1	12	1	0.8	4.1292	8	3	0.89854	0.9	33	2	1.3191	0
1	1	13	1	0.8	3.943	8	2.6	1.552	0.9	28	2	0.79012	28
1	1	14	1	0.8	5.2713	8	1.8	0.43556	0.9	20	2	0.79002	20
1	1	15	1	0.8	4.4245	8	3	1.111	0.9	33	2	0.63853	33
1	1	16	1	0.8	3.5414	8	1	5.3668	0.9	11	2	0.60566	11
1	1	17	1	0.8	4.3481	8	3	2.2203	0.9	33	2	0.81523	33
1	1	18	1	0.8	3.612	8	1.4	5.5003	0.9	15	2	0.65307	15
1	1	19	1	0.8	1.5313	8	1.4	4.4511	0.9	15	2	0.64469	15
1	1	20	1	0.8	5.7621	8	1.8	1.3665	0.9	20	2	0.68493	20
1	1	21	1	0.8	1.3749	8	1.4	3.1482	0.9	15	2	0.77428	15
1	1	22	1	0.8	5.326	8	1	2.1118	0.9	11	2	0.59083	11
1	1	23	1	0.8	3.456	8	2.2	5.0363	0.9	24	2	0.92575	0
1	1	24	1	0.8	5.868	8	2.2	1.7208	0.9	24	2	0.6548	24
1	1	25	1	0.8	4.457	8	1	2.2777	0.9	11	2	0.60563	11
1	1	26	1	0.8	3.8187	8	1.8	0.87451	0.9	20	2	0.50197	20
1	1	27	1	0.8	4.649	8	1.8	2.1151	0.9	20	2	0.62914	20
1	1	28	1	0.8	0.91718	8	2.6	5.4549	0.9	28	2	0.84674	28
1	1	29	1	0.8	5.4761	8	1.8	2.8305	0.9	20	2	0.81675	20
1	1	30	1	0.8	2.0589	8	2.2	4.8748	0.9	24	2	0.57339	24
1	1	31	1	0.8	5.3665	8	1.4	3.6325	0.9	15	2	0.56725	15
1	1	32	1	0.8	5.5386	8	2.6	1.5552	0.9	28	2	0.53443	28
1	1	33	1	0.8	1.8325	8	3	3.5061	0.9	33	2	0.83884	33
1	1	34	1	0.8	3.6829	8	2.6	5.3781	0.9	28	2	0.67075	28
1	1	35	1	0.8	4.0537	8	2.2	1.7893	0.9	24	2	0.63839	24
1	1	36	1	0.8	2.7467	8	2.2	5.6845	0.9	24	2	0.7258	24];

d2 = [1	2	1	2	0.8	0.87599	10	2.6	4.6116	0.8	32	2	0.6379	32
1	2	2	2	0.8	4.6462	10	2.2	2.1697	0.8	27	2	0.50235	27
1	2	3	2	0.8	3.4238	10	1.8	1.4647	0.8	22	2	0.52696	22
1	2	4	2	0.8	4.6803	10	1	2.7982	0.8	12	2	0.51882	12
1	2	5	2	0.8	1.1112	10	3	4.9046	0.8	37	2	0.64676	37
1	2	6	2	0.8	5.4116	10	1.4	2.5928	0.8	17	2	0.5575	17
1	2	7	2	0.8	3.103	10	2.6	0.60638	0.8	32	2	0.78223	32
1	2	8	2	0.8	1.2054	10	1	3.6153	0.8	12	2	0.61199	12
1	2	9	2	0.8	1.6272	10	1.4	5.2016	0.8	17	2	0.59765	17
1	2	10	2	0.8	5.2269	10	3	0.56115	0.8	37	2	0.79761	37
1	2	11	2	0.8	2.3695	10	1	4.6562	0.8	12	2	0.6305	12
1	2	12	2	0.8	3.2817	10	3	0.71773	0.8	37	2	0.67051	37
1	2	13	2	0.8	0.41493	10	2.6	2.7727	0.8	32	2	0.8303	0
1	2	14	2	0.8	1.6544	10	1.8	3.7922	0.8	22	2	0.54668	22
1	2	15	2	0.8	0.56117	10	3	5.3713	0.8	37	2	0.62212	37
1	2	16	2	0.8	5.2067	10	1	1.5081	0.8	12	2	0.4951	12
1	2	17	2	0.8	2.2162	10	3	5.074	0.8	37	2	0.96495	0
1	2	18	2	0.8	4.3052	10	1.4	1.993	0.8	17	2	0.40645	17
1	2	19	2	0.8	3.3643	10	1.4	0.47294	0.8	17	2	0.66308	17
1	2	20	2	0.8	5.1889	10	1.8	3.5415	0.8	22	2	0.6297	22
1	2	21	2	0.8	1.8719	10	1.4	4.7604	0.8	17	2	0.40628	17
1	2	22	2	0.8	4.4736	10	1	1.6597	0.8	12	2	0.39097	12
1	2	23	2	0.8	4.0086	10	2.2	1.7156	0.8	27	2	0.56698	27
1	2	24	2	0.8	3.4735	10	2.2	1.2822	0.8	27	2	0.54237	27
1	2	25	2	0.8	4.883	10	1	1.8645	0.8	12	2	0.4375	12
1	2	26	2	0.8	1.0844	10	1.8	3.3879	0.8	22	2	0.83838	0
1	2	27	2	0.8	1.1359	10	1.8	3.0901	0.8	22	2	0.61329	22
1	2	28	2	0.8	4.332	10	2.6	1.1509	0.8	32	2	0.59716	32
1	2	29	2	0.8	0.92686	10	1.8	4.5316	0.8	22	2	0.6537	22
1	2	30	2	0.8	3.6538	10	2.2	5.5201	0.8	27	2	0.6608	27
1	2	31	2	0.8	4.8052	10	1.4	2.3991	0.8	17	2	0.55947	17
1	2	32	2	0.8	1.9231	10	2.6	4.4245	0.8	32	2	0.62959	32
1	2	33	2	0.8	5.0384	10	3	0.87232	0.8	37	2	0.59883	37
1	2	34	2	0.8	3.8522	10	2.6	2.1242	0.8	32	2	0.67769	32
1	2	35	2	0.8	5.7335	10	2.2	3.5828	0.8	27	2	0.75869	27
1	2	36	2	0.8	5.846	10	2.2	3.9714	0.8	27	2	0.67751	27];

d3 = [1	3	1	3	0.8	3.2169	11	2.6	5.1824	0.7	37	2	0.59089	37
1	3	2	3	0.8	1.8546	11	2.2	5.0728	0.7	31	2	0.60596	31
1	3	3	3	0.8	2.3511	11	1.8	4.8774	0.7	25	2	0.58896	25
1	3	4	3	0.8	2.1427	11	1	3.8263	0.7	14	2	0.48702	14
1	3	5	3	0.8	3.3372	11	3	5.5753	0.7	42	2	0.66182	42
1	3	6	3	0.8	0.4382	11	1.4	3.0387	0.7	19	2	0.99014	0
1	3	7	3	0.8	1.9638	11	2.6	5.1229	0.7	37	2	0.87741	0
1	3	8	3	0.8	0.57492	11	1	4.6094	0.7	14	2	0.36501	14
1	3	9	3	0.8	0.62996	11	1.4	2.4486	0.7	19	2	0.53255	19
1	3	10	3	0.8	2.0845	11	3	4.958	0.7	42	2	0.59684	42
1	3	11	3	0.8	5.2809	11	1	1.9315	0.7	14	2	0.39083	14
1	3	12	3	0.8	1.4477	11	3	4.1591	0.7	42	2	0.61426	42
1	3	13	3	0.8	3.3493	11	2.6	0.47294	0.7	37	2	0.7105	0
1	3	14	3	0.8	1.4157	11	1.8	4.4957	0.7	25	2	0.55048	25
1	3	15	3	0.8	4.062	11	3	1.664	0.7	42	2	0.62187	42
1	3	16	3	0.8	1.4728	11	1	3.8323	0.7	14	2	0.49419	14
1	3	17	3	0.8	3.8997	11	3	1.8731	0.7	42	2	0.58113	42
1	3	18	3	0.8	2.8547	11	1.4	5.1199	0.7	19	2	0.57091	19
1	3	19	3	0.8	1.0956	11	1.4	4.6927	0.7	19	2	0.55723	19
1	3	20	3	0.8	2.7051	11	1.8	4.5443	0.7	25	2	0.6064	25
1	3	21	3	0.8	2.2699	11	1.4	4.3399	0.7	19	2	0.58242	19
1	3	22	3	0.8	1.7259	11	1	3.6976	0.7	14	2	0.59081	14
1	3	23	3	0.8	3.8978	11	2.2	1.0968	0.7	31	2	0.68656	31
1	3	24	3	0.8	4.1815	11	2.2	2.3388	0.7	31	2	0.76663	0
1	3	25	3	0.8	2.4836	11	1	5.8836	0.7	14	2	0.40669	14
1	3	26	3	0.8	4.2332	11	1.8	0.68702	0.7	25	2	0.58249	25
1	3	27	3	0.8	5.1733	11	1.8	0.46764	0.7	25	2	0.97357	0
1	3	28	3	0.8	4.4353	11	2.6	0.52433	0.7	37	2	0.59875	37
1	3	29	3	0.8	3.9949	11	1.8	0.44246	0.7	25	2	0.48374	25
1	3	30	3	0.8	3.2491	11	2.2	5.4675	0.7	31	2	0.6142	31
1	3	31	3	0.8	2.3972	11	1.4	0.82484	0.7	19	2	0.51906	19
1	3	32	3	0.8	0.65125	11	2.6	5.3621	0.7	37	2	0.78198	0
1	3	33	3	0.8	3.7534	11	3	0.43816	0.7	42	2	0.57401	42
1	3	34	3	0.8	2.4181	11	2.6	4.6166	0.7	37	2	0.57456	37
1	3	35	3	0.8	3.9444	11	2.2	0.43204	0.7	31	2	0.64482	31
1	3	36	3	0.8	3.3037	11	2.2	5.3232	0.7	31	2	0.46085	31
];

d4 = [1	4	1	4	0.8	5.3606	13	2.6	2.8992	0.6	43	2	0.95102	0
1	4	2	4	0.8	1.8509	13	2.2	5.3634	0.6	36	2	0.71012	0
1	4	3	4	0.8	5.0128	13	1.8	3.2992	0.6	29	2	0.82176	0
1	4	4	4	0.8	1.5138	13	1	4.2142	0.6	16	2	0.60542	0
1	4	5	4	0.8	0.98624	13	3	3.7037	0.6	49	1	0.50969	13
1	4	6	4	0.8	2.3421	13	1.4	5.7609	0.6	23	1	0.41088	13
1	4	7	4	0.8	4.4233	13	2.6	1.572	0.6	43	1	0.57367	13
1	4	8	4	0.8	4.3951	13	1	2.5676	0.6	16	2	0.49504	16
1	4	9	4	0.8	0.89406	13	1.4	4.3176	0.6	23	2	0.53321	23
1	4	10	4	0.8	2.3257	13	3	4.2822	0.6	49	2	0.71711	0
1	4	11	4	0.8	0.78123	13	1	5.7998	0.6	16	2	0.40657	16
1	4	12	4	0.8	0.51749	13	3	4.8797	0.6	49	2	0.90244	0
1	4	13	4	0.8	5.156	13	2.6	1.3592	0.6	43	1	0.39652	13
1	4	14	4	0.8	4.7206	13	1.8	0.74944	0.6	29	2	0.74208	0
1	4	15	4	0.8	1.9252	13	3	4.3831	0.6	49	1	0.39803	13
1	4	16	4	0.8	1.6709	13	1	4.4496	0.6	16	2	0.66206	0
1	4	17	4	0.8	1.658	13	3	4.39	0.6	49	1	0.32593	13
1	4	18	4	0.8	0.67646	13	1.4	3.0453	0.6	23	1	0.43014	13
1	4	19	4	0.8	2.2284	13	1.4	5.3731	0.6	23	1	0.42986	13
1	4	20	4	0.8	3.0207	13	1.8	0.49553	0.6	29	2	0.50241	29
1	4	21	4	0.8	3.1307	13	1.4	5.5639	0.6	23	2	0.51888	23
1	4	22	4	0.8	5.5758	13	1	3.8708	0.6	16	2	0.47794	16
1	4	23	4	0.8	5.8712	13	2.2	2.1735	0.6	36	2	0.67068	0
1	4	24	4	0.8	2.9811	13	2.2	5.1997	0.6	36	1	0.30217	13
1	4	25	4	0.8	2.6055	13	1	5.4216	0.6	16	2	0.38255	16
1	4	26	4	0.8	5.6788	13	1.8	3.8743	0.6	29	2	0.48598	29
1	4	27	4	0.8	5.4778	13	1.8	1.7103	0.6	29	2	0.50964	29
1	4	28	4	0.8	3.6153	13	2.6	0.79967	0.6	43	2	0.50133	43
1	4	29	4	0.8	2.1658	13	1.8	4.6286	0.6	29	2	0.68531	0
1	4	30	4	0.8	1.0611	13	2.2	4.752	0.6	36	2	0.58904	36
1	4	31	4	0.8	3.0494	13	1.4	0.84623	0.6	23	2	0.54288	23
1	4	32	4	0.8	3.6336	13	2.6	1.8701	0.6	43	2	0.50285	43
1	4	33	4	0.8	3.0056	13	3	0.60588	0.6	49	2	0.92678	0
1	4	34	4	0.8	1.1916	13	2.6	3.0979	0.6	43	2	0.79663	0
1	4	35	4	0.8	5.2175	13	2.2	2.053	0.6	36	2	0.63031	0
1	4	36	4	0.8	1.8315	13	2.2	4.2678	0.6	36	1	0.31696	13
];

