% risk_exp2_subject_21

d1 = [21	1	1	1	0.8	1.5818	8	1.4	4.9639	0.9	15	1	2.1482	0
21	1	2	1	0.8	2.6307	8	1.4	4.397	0.9	15	1	0.49504	8
21	1	3	1	0.8	2.1608	8	2.6	5.6541	0.9	28	1	0.51845	8
21	1	4	1	0.8	3.8204	8	1	2.1286	0.9	11	1	0.54259	8
21	1	5	1	0.8	3.8675	8	1.8	1.5435	0.9	20	1	0.39124	8
21	1	6	1	0.8	3.5415	8	2.2	1.4478	0.9	24	1	0.5026	8
21	1	7	1	0.8	1.5259	8	3	5.7339	0.9	33	1	0.48378	8
21	1	8	1	0.8	1.3953	8	1.4	4.412	0.9	15	1	0.41333	8
21	1	9	1	0.8	1.1119	8	2.2	3.5951	0.9	24	1	0.46184	8
21	1	10	1	0.8	5.1965	8	3	3.3829	0.9	33	1	0.4609	8
21	1	11	1	0.8	1.9672	8	1.8	4.317	0.9	20	1	0.35079	8
21	1	12	1	0.8	5.1547	8	2.6	2.0079	0.9	28	1	0.33496	8
21	1	13	1	0.8	5.2867	8	2.2	3.0627	0.9	24	1	0.35076	8
21	1	14	1	0.8	3.8806	8	2.6	5.8509	0.9	28	1	0.36708	8
21	1	15	1	0.8	0.61754	8	1.4	2.9789	0.9	15	1	0.51029	8
21	1	16	1	0.8	2.9487	8	1	0.40068	0.9	11	1	0.558	8
21	1	17	1	0.8	3.1932	8	1.8	5.3379	0.9	20	1	0.31812	8
21	1	18	1	0.8	1.3352	8	3	3.1151	0.9	33	1	0.29346	8
21	1	19	1	0.8	2.1129	8	1.8	4.6419	0.9	20	1	0.33308	8
21	1	20	1	0.8	4.7216	8	1.8	1.7914	0.9	20	1	0.4115	8
21	1	21	1	0.8	1.1584	8	3	5.2719	0.9	33	1	0.28714	8
21	1	22	1	0.8	4.8504	8	1.8	1.0527	0.9	20	1	0.27062	8
21	1	23	1	0.8	4.5131	8	2.2	1.2408	0.9	24	1	0.88715	8
21	1	24	1	0.8	0.61715	8	2.6	2.2195	0.9	28	1	0.26136	8
21	1	25	1	0.8	5.5412	8	1	2.5916	0.9	11	1	0.2695	8
21	1	26	1	0.8	3.0088	8	1.4	5.77	0.9	15	1	0.59752	8
21	1	27	1	0.8	4.7147	8	2.6	1.8083	0.9	28	1	0.46203	8
21	1	28	1	0.8	3.6843	8	1	1.1447	0.9	11	1	0.36354	8
21	1	29	1	0.8	5.5575	8	1	2.3555	0.9	11	1	0.69422	8
21	1	30	1	0.8	4.127	8	3	1.6449	0.9	33	1	0.46139	8
21	1	31	1	0.8	5.6938	8	2.2	1.501	0.9	24	1	0.31099	8
21	1	32	1	0.8	0.47498	8	1.4	4.8458	0.9	15	1	0.4547	8
21	1	33	1	0.8	4.9329	8	2.2	1.5884	0.9	24	1	0.25499	8
21	1	34	1	0.8	4.9075	8	3	0.9906	0.9	33	1	0.3842	8
21	1	35	1	0.8	4.19	8	1	0.92597	0.9	11	1	0.40502	8
21	1	36	1	0.8	1.842	8	2.6	4.6963	0.9	28	1	0.39811	8
];

d2 = [21	2	1	2	0.8	3.0748	10	1.4	5.3713	0.8	17	1	1.143	0
21	2	2	2	0.8	4.3047	10	1.4	1.8365	0.8	17	1	0.45485	10
21	2	3	2	0.8	3.4373	10	2.6	5.8862	0.8	32	1	0.33423	10
21	2	4	2	0.8	0.76252	10	1	4.165	0.8	12	1	0.48652	10
21	2	5	2	0.8	2.4036	10	1.8	4.1629	0.8	22	1	0.30245	10
21	2	6	2	0.8	4.74	10	2.2	2.8461	0.8	27	1	0.28626	10
21	2	7	2	0.8	5.6287	10	3	1.9806	0.8	37	1	0.45464	10
21	2	8	2	0.8	0.56148	10	1.4	5.5453	0.8	17	1	0.22236	10
21	2	9	2	0.8	3.7202	10	2.2	2.0981	0.8	27	1	0.27023	10
21	2	10	2	0.8	0.91115	10	3	5.0788	0.8	37	1	0.19697	10
21	2	11	2	0.8	1.512	10	1.8	5.0853	0.8	22	1	0.23897	10
21	2	12	2	0.8	2.0024	10	2.6	5.3512	0.8	32	1	0.22264	10
21	2	13	2	0.8	4.7196	10	2.2	2.6647	0.8	27	1	0.25568	10
21	2	14	2	0.8	5.2074	10	2.6	0.44774	0.8	32	1	0.27079	10
21	2	15	2	0.8	4.7179	10	1.4	1.4728	0.8	17	1	0.25517	10
21	2	16	2	0.8	5.1965	10	1	3.3829	0.8	12	1	0.26936	10
21	2	17	2	0.8	3.1727	10	1.8	1.4423	0.8	22	1	0.73436	10
21	2	18	2	0.8	2.3134	10	3	4.0828	0.8	37	1	0.20647	10
21	2	19	2	0.8	2.6883	10	1.8	5.0043	0.8	22	1	0.25296	10
21	2	20	2	0.8	1.2796	10	1.8	3.8772	0.8	22	1	0.42891	10
21	2	21	2	0.8	1.6047	10	3	3.3289	0.8	37	1	0.20636	10
21	2	22	2	0.8	2.153	10	1.8	0.56157	0.8	22	1	0.67946	10
21	2	23	2	0.8	5.2108	10	2.2	0.4651	0.8	27	1	0.22167	10
21	2	24	2	0.8	3.2052	10	2.6	5.7534	0.8	32	1	0.2379	10
21	2	25	2	0.8	2.6359	10	1	4.9909	0.8	12	1	0.43784	10
21	2	26	2	0.8	3.6502	10	1.4	1.6576	0.8	17	1	0.23004	10
21	2	27	2	0.8	5.61	10	2.6	2.3866	0.8	32	1	0.26269	10
21	2	28	2	0.8	0.67646	10	1	2.975	0.8	12	1	0.30134	10
21	2	29	2	0.8	4.1359	10	1	2.3315	0.8	12	1	0.65389	10
21	2	30	2	0.8	2.4836	10	3	5.8836	0.8	37	1	0.25978	10
21	2	31	2	0.8	3.6034	10	2.2	0.48479	0.8	27	1	0.26299	10
21	2	32	2	0.8	5.0197	10	1.4	0.46547	0.8	17	1	0.23019	10
21	2	33	2	0.8	3.3414	10	2.2	1.0336	0.8	27	1	0.23086	10
21	2	34	2	0.8	2.6521	10	3	0.43698	0.8	37	1	0.22257	10
21	2	35	2	0.8	2.1242	10	1	5.3742	0.8	12	1	0.86213	0
21	2	36	2	0.8	4.7828	10	2.6	1.7366	0.8	32	1	0.20539	10
];

d3 = [21	3	1	3	0.8	4.1567	11	1.4	2.0429	0.7	19	1	0.26188	11
21	3	2	3	0.8	1.419	11	1.4	4.7919	0.7	19	1	0.25438	11
21	3	3	3	0.8	4.4658	11	2.6	2.8454	0.7	37	1	0.25557	11
21	3	4	3	0.8	3.2644	11	1	5.7621	0.7	14	1	0.95825	0
21	3	5	3	0.8	4.9825	11	1.8	0.92597	0.7	25	1	0.26371	11
21	3	6	3	0.8	4.2381	11	2.2	5.8249	0.7	31	1	0.38986	11
21	3	7	3	0.8	5.8134	11	3	1.728	0.7	42	1	0.23939	11
21	3	8	3	0.8	1.5659	11	1.4	4.4539	0.7	19	1	0.23975	11
21	3	9	3	0.8	1.8546	11	2.2	5.0728	0.7	31	1	0.22089	11
21	3	10	3	0.8	2.2663	11	3	5.3787	0.7	42	1	0.50152	11
21	3	11	3	0.8	0.55186	11	1.8	4.3725	0.7	25	1	0.20726	11
21	3	12	3	0.8	2.9836	11	2.6	5.3229	0.7	37	1	0.23896	11
21	3	13	3	0.8	2.3497	11	2.2	4.2981	0.7	31	1	0.20644	11
21	3	14	3	0.8	4.8277	11	2.6	2.9485	0.7	37	1	0.22279	11
21	3	15	3	0.8	2.3747	11	1.4	4.5459	0.7	19	1	0.43795	11
21	3	16	3	0.8	1.9251	11	1	3.7171	0.7	14	1	0.30474	11
21	3	17	3	0.8	1.0901	11	1.8	4.1204	0.7	25	1	0.21182	11
21	3	18	3	0.8	3.9756	11	3	1.8509	0.7	42	1	0.38166	11
21	3	19	3	0.8	3.6271	11	1.8	0.77468	0.7	25	1	0.78219	0
21	3	20	3	0.8	3.141	11	1.8	1.1437	0.7	25	1	0.47937	11
21	3	21	3	0.8	2.3967	11	3	4.6285	0.7	42	1	0.22342	11
21	3	22	3	0.8	0.60232	11	1.8	3.5718	0.7	25	1	0.23038	11
21	3	23	3	0.8	3.8054	11	2.2	5.3945	0.7	31	1	0.29425	11
21	3	24	3	0.8	4.2693	11	2.6	1.1653	0.7	37	1	0.27046	11
21	3	25	3	0.8	2.4877	11	1	4.2312	0.7	14	1	0.23034	11
21	3	26	3	0.8	2.8752	11	1.4	5.715	0.7	19	1	0.734	0
21	3	27	3	0.8	2.7563	11	2.6	5.0602	0.7	37	1	0.25389	11
21	3	28	3	0.8	1.2928	11	1	5.7566	0.7	14	1	0.26067	11
21	3	29	3	0.8	3.5965	11	1	1.6581	0.7	14	1	0.34934	11
21	3	30	3	0.8	3.2419	11	3	5.7229	0.7	42	1	0.25378	11
21	3	31	3	0.8	2.8823	11	2.2	0.4698	0.7	31	1	0.63945	11
21	3	32	3	0.8	3.2592	11	1.4	0.78753	0.7	19	1	0.38249	11
21	3	33	3	0.8	2.5829	11	2.2	0.51371	0.7	31	1	0.31891	11
21	3	34	3	0.8	2.4089	11	3	0.53652	0.7	42	1	0.29586	11
21	3	35	3	0.8	2.5449	11	1	0.95663	0.7	14	1	0.26294	11
21	3	36	3	0.8	1.1027	11	2.6	4.2545	0.7	37	1	0.22144	11
];

d4 = [21	4	1	4	0.8	2.153	13	1.4	0.56157	0.6	23	1	0.23898	13
21	4	2	4	0.8	1.9345	13	1.4	5.7777	0.6	23	1	0.25482	13
21	4	3	4	0.8	1.8701	13	2.6	5.0863	0.6	43	1	0.23042	13
21	4	4	4	0.8	2.3295	13	1	5.5576	0.6	16	1	0.25497	13
21	4	5	4	0.8	4.7345	13	1.8	0.71536	0.6	29	1	0.3033	13
21	4	6	4	0.8	0.62529	13	2.2	2.903	0.6	36	1	0.25512	13
21	4	7	4	0.8	4.6684	13	3	1.9905	0.6	49	1	0.25367	13
21	4	8	4	0.8	1.0014	13	1.4	2.975	0.6	23	1	0.20602	13
21	4	9	4	0.8	1.6668	13	2.2	3.5007	0.6	36	1	0.24498	13
21	4	10	4	0.8	1.7006	13	3	4.8726	0.6	49	1	0.22885	13
21	4	11	4	0.8	2.7625	13	1.8	5.5158	0.6	29	1	0.23147	13
21	4	12	4	0.8	0.82146	13	2.6	5.252	0.6	43	1	0.24559	13
21	4	13	4	0.8	4.8747	13	2.2	1.8115	0.6	36	1	0.65449	0
21	4	14	4	0.8	2.4175	13	2.6	0.41425	0.6	43	1	0.67021	0
21	4	15	4	0.8	2.455	13	1.4	5.419	0.6	23	1	0.22992	13
21	4	16	4	0.8	5.8422	13	1	0.86291	0.6	16	1	0.48638	13
21	4	17	4	0.8	4.0925	13	1.8	1.6261	0.6	29	1	0.80625	0
21	4	18	4	0.8	1.6639	13	3	4.127	0.6	49	1	0.23187	13
21	4	19	4	0.8	2.943	13	1.8	1.1636	0.6	29	1	0.24516	13
21	4	20	4	0.8	4.1338	13	1.8	0.8227	0.6	29	1	0.7104	0
21	4	21	4	0.8	2.1567	13	3	5.1915	0.6	49	1	0.25551	13
21	4	22	4	0.8	0.77217	13	1.8	5.1063	0.6	29	1	0.22402	13
21	4	23	4	0.8	5.0593	13	2.2	2.9532	0.6	36	1	0.51862	13
21	4	24	4	0.8	5.4959	13	2.6	0.78441	0.6	43	1	0.27044	13
21	4	25	4	0.8	2.957	13	1	4.6558	0.6	16	1	0.36624	13
21	4	26	4	0.8	4.9373	13	1.4	1.3506	0.6	23	1	0.50987	13
21	4	27	4	0.8	2.9507	13	2.6	5.0728	0.6	43	1	0.23741	13
21	4	28	4	0.8	2.4219	13	1	4.5899	0.6	16	1	0.26912	13
21	4	29	4	0.8	0.95833	13	1	5.4674	0.6	16	1	0.31	13
21	4	30	4	0.8	4.2739	13	3	2.3985	0.6	49	1	1.0292	0
21	4	31	4	0.8	4.3293	13	2.2	0.88822	0.6	36	1	0.41542	13
21	4	32	4	0.8	2.4793	13	1.4	4.3723	0.6	23	1	0.41531	13
21	4	33	4	0.8	3.4912	13	2.2	0.95156	0.6	36	1	0.22297	13
21	4	34	4	0.8	1.9985	13	3	3.9959	0.6	49	1	0.23794	13
21	4	35	4	0.8	1.9601	13	1	5.1625	0.6	16	1	0.22225	13
21	4	36	4	0.8	4.4465	13	2.6	1.8967	0.6	43	1	0.32563	13
];

