% risk_exp2_subject_13

d1 = [13	1	1	1	0.8	4.7354	8	1.8	1.2773	0.9	20	2	1.7154	0
13	1	2	1	0.8	3.5085	8	1.4	0.87449	0.9	15	2	0.83104	15
13	1	3	1	0.8	5.4742	8	1.8	3.2534	0.9	20	1	0.64778	8
13	1	4	1	0.8	3.4306	8	2.2	5.2677	0.9	24	1	0.49479	8
13	1	5	1	0.8	2.3891	8	1.8	4.5135	0.9	20	2	1.3743	0
13	1	6	1	0.8	1.0859	8	1	4.5318	0.9	11	1	0.56695	8
13	1	7	1	0.8	2.9567	8	2.6	0.60144	0.9	28	1	0.58311	8
13	1	8	1	0.8	2.9091	8	1	0.89697	0.9	11	2	0.74867	11
13	1	9	1	0.8	4.1087	8	2.2	1.0567	0.9	24	2	0.81268	24
13	1	10	1	0.8	5.3246	8	3	2.3425	0.9	33	1	0.51755	8
13	1	11	1	0.8	1.2599	8	1	4.9701	0.9	11	2	0.4866	11
13	1	12	1	0.8	2.791	8	1.4	5.1057	0.9	15	1	0.50348	8
13	1	13	1	0.8	0.53382	8	1	3.8204	0.9	11	2	0.7969	11
13	1	14	1	0.8	1.5587	8	1	4.6177	0.9	11	2	0.52613	11
13	1	15	1	0.8	1.8144	8	1.4	4.6063	0.9	15	1	0.39863	8
13	1	16	1	0.8	5.0197	8	1.4	0.9331	0.9	15	1	0.60693	8
13	1	17	1	0.8	4.292	8	2.2	0.46839	0.9	24	2	0.87818	24
13	1	18	1	0.8	2.2231	8	1	4.0418	0.9	11	2	0.51681	11
13	1	19	1	0.8	3.2038	8	3	5.3801	0.9	33	1	0.52504	8
13	1	20	1	0.8	3.8232	8	3	1.5265	0.9	33	2	0.80504	33
13	1	21	1	0.8	1.5884	8	1.8	5.3697	0.9	20	2	0.76656	20
13	1	22	1	0.8	2.3563	8	2.2	5.1522	0.9	24	1	0.42269	8
13	1	23	1	0.8	1.1602	8	2.6	3.0448	0.9	28	2	0.81392	28
13	1	24	1	0.8	2.2146	8	1.4	0.45315	0.9	15	2	0.66158	15
13	1	25	1	0.8	0.71007	8	2.6	2.7537	0.9	28	2	0.79004	28
13	1	26	1	0.8	1.7086	8	1.8	4.204	0.9	20	2	0.80659	20
13	1	27	1	0.8	2.7684	8	2.2	5.2791	0.9	24	1	0.52609	8
13	1	28	1	0.8	2.4793	8	3	5.187	0.9	33	1	0.51527	8
13	1	29	1	0.8	5.4177	8	1.4	3.6273	0.9	15	2	0.67577	15
13	1	30	1	0.8	1.9638	8	2.2	5.1229	0.9	24	2	0.69446	24
13	1	31	1	0.8	0.84708	8	2.6	3.8195	0.9	28	2	0.81505	28
13	1	32	1	0.8	3.2276	8	2.6	5.4068	0.9	28	1	0.41563	8
13	1	33	1	0.8	2.0517	8	3	4.534	0.9	33	1	0.39869	8
13	1	34	1	0.8	4.246	8	2.6	1.3305	0.9	28	2	0.74217	28
13	1	35	1	0.8	3.491	8	3	1.5717	0.9	33	1	0.5581	8
13	1	36	1	0.8	1.7141	8	1.8	4.2842	0.9	20	2	0.94917	0
];

d2 = [13	2	1	2	0.8	0.49724	10	1.8	3.1727	0.8	22	1	0.55082	10
13	2	2	2	0.8	5.1836	10	1.4	2.053	0.8	17	2	0.56701	17
13	2	3	2	0.8	2.1129	10	1.8	4.6419	0.8	22	1	0.49459	10
13	2	4	2	0.8	0.90923	10	2.2	3.8845	0.8	27	2	0.87784	0
13	2	5	2	0.8	1.5115	10	1.8	4.5098	0.8	22	1	0.44603	10
13	2	6	2	0.8	0.83883	10	1	5.4486	0.8	12	2	0.5015	12
13	2	7	2	0.8	3.2593	10	2.6	0.45538	0.8	32	1	0.42236	10
13	2	8	2	0.8	0.87232	10	1	3.2154	0.8	12	2	0.54068	12
13	2	9	2	0.8	3.5302	10	2.2	5.8045	0.8	27	2	0.90138	0
13	2	10	2	0.8	5.813	10	3	3.9949	0.8	37	1	0.5468	10
13	2	11	2	0.8	0.66617	10	1	4.9046	0.8	12	2	0.56684	12
13	2	12	2	0.8	1.501	10	1.4	3.4185	0.8	17	2	2.7663	0
13	2	13	2	0.8	4.112	10	1	0.63646	0.8	12	2	0.51146	12
13	2	14	2	0.8	0.5162	10	1	4.2381	0.8	12	2	0.64589	12
13	2	15	2	0.8	3.8135	10	1.4	1.5659	0.8	17	2	0.84664	0
13	2	16	2	0.8	3.7074	10	1.4	5.7621	0.8	17	2	0.91021	0
13	2	17	2	0.8	1.9279	10	2.2	5.3229	0.8	27	2	1.2736	0
13	2	18	2	0.8	2.7008	10	1	5.149	0.8	12	2	0.59017	12
13	2	19	2	0.8	3.098	10	3	4.8662	0.8	37	2	0.91917	0
13	2	20	2	0.8	5.1356	10	3	0.51431	0.8	37	2	1.106	0
13	2	21	2	0.8	1.8164	10	1.8	5.2175	0.8	22	2	0.59839	22
13	2	22	2	0.8	3.279	10	2.2	5.8862	0.8	27	2	1.014	0
13	2	23	2	0.8	3.6553	10	2.6	0.67079	0.8	32	2	0.74231	32
13	2	24	2	0.8	2.5991	10	1.4	5.3107	0.8	17	2	0.66187	17
13	2	25	2	0.8	1.8325	10	2.6	3.5061	0.8	32	2	0.58974	32
13	2	26	2	0.8	1.3935	10	1.8	3.4306	0.8	22	2	1.177	0
13	2	27	2	0.8	4.3959	10	2.2	2.445	0.8	27	2	0.83562	0
13	2	28	2	0.8	3.5508	10	3	5.2106	0.8	37	2	0.86297	0
13	2	29	2	0.8	1.5883	10	1.4	3.8995	0.8	17	1	0.74227	10
13	2	30	2	0.8	5.8059	10	2.2	3.0627	0.8	27	2	0.78971	27
13	2	31	2	0.8	1.9677	10	2.6	3.7997	0.8	32	2	1.1666	0
13	2	32	2	0.8	4.9637	10	2.6	2.645	0.8	32	2	0.75019	32
13	2	33	2	0.8	0.83547	10	3	2.4563	0.8	37	2	1.0704	0
13	2	34	2	0.8	1.7914	10	2.6	3.9867	0.8	32	2	0.78251	32
13	2	35	2	0.8	0.94996	10	3	2.9104	0.8	37	2	0.8319	0
13	2	36	2	0.8	1.3797	10	1.8	5.6607	0.8	22	2	1.2118	0
];

d3 = [13	3	1	3	0.8	2.1242	11	1.8	5.3742	0.7	25	2	0.93449	0
13	3	2	3	0.8	5.7367	11	1.4	1.8374	0.7	19	2	0.71916	0
13	3	3	3	0.8	4.2229	11	1.8	1.6449	0.7	25	1	0.43109	11
13	3	4	3	0.8	2.6822	11	2.2	5.4116	0.7	31	2	0.99001	0
13	3	5	3	0.8	2.1403	11	1.8	4.6213	0.7	25	2	0.66181	25
13	3	6	3	0.8	3.9445	11	1	1.6522	0.7	14	2	0.50234	14
13	3	7	3	0.8	4.4781	11	2.6	2.4523	0.7	37	2	1.7104	0
13	3	8	3	0.8	2.9507	11	1	5.0728	0.7	14	2	0.62957	14
13	3	9	3	0.8	5.7355	11	2.2	1.2211	0.7	31	2	0.77362	0
13	3	10	3	0.8	1.2895	11	3	2.9762	0.7	42	2	0.88904	0
13	3	11	3	0.8	4.3723	11	1	0.90131	0.7	14	2	0.58263	14
13	3	12	3	0.8	4.1798	11	1.4	5.8485	0.7	19	2	0.68667	19
13	3	13	3	0.8	5.1356	11	1	0.51431	0.7	14	2	0.65459	14
13	3	14	3	0.8	3.7885	11	1	0.72412	0.7	14	2	0.44578	14
13	3	15	3	0.8	0.5031	11	1.4	4.7401	0.7	19	2	0.58234	19
13	3	16	3	0.8	1.8533	11	1.4	3.7767	0.7	19	2	0.60481	19
13	3	17	3	0.8	0.63725	11	2.2	3.6553	0.7	31	2	1.0909	0
13	3	18	3	0.8	2.8026	11	1	5.5412	0.7	14	2	0.71671	0
13	3	19	3	0.8	0.85124	11	3	3.192	0.7	42	1	0.59871	11
13	3	20	3	0.8	3.6839	11	3	1.4151	0.7	42	1	0.67785	11
13	3	21	3	0.8	4.5135	11	1.8	2.0867	0.7	25	2	0.5897	25
13	3	22	3	0.8	2.0089	11	2.2	5.8886	0.7	31	2	0.70224	0
13	3	23	3	0.8	3.3829	11	2.6	1.6182	0.7	37	2	0.62313	37
13	3	24	3	0.8	4.033	11	1.4	0.69844	0.7	19	2	0.84599	0
13	3	25	3	0.8	5.5303	11	2.6	0.6931	0.7	37	1	0.54262	11
13	3	26	3	0.8	3.3289	11	1.8	0.61754	0.7	25	2	0.74114	0
13	3	27	3	0.8	1.3969	11	2.2	4.0595	0.7	31	2	0.78175	0
13	3	28	3	0.8	5.6207	11	3	2.9681	0.7	42	2	0.70938	0
13	3	29	3	0.8	0.814	11	1.4	4.0556	0.7	19	1	0.43716	11
13	3	30	3	0.8	3.943	11	2.2	2.3374	0.7	31	1	0.40561	11
13	3	31	3	0.8	4.3989	11	2.6	2.489	0.7	37	2	0.96663	0
13	3	32	3	0.8	2.1611	11	2.6	5.4486	0.7	37	2	0.56635	37
13	3	33	3	0.8	3.8142	11	3	0.54326	0.7	42	2	0.67736	42
13	3	34	3	0.8	5.3622	11	2.6	0.8759	0.7	37	2	0.62168	37
13	3	35	3	0.8	5.003	11	3	3.093	0.7	42	2	0.67074	42
13	3	36	3	0.8	4.8206	11	1.8	2.2392	0.7	25	2	0.63827	25
];

d4 = [13	4	1	4	0.8	4.6204	13	1.8	1.8597	0.6	29	1	0.44945	13
13	4	2	4	0.8	3.9251	13	1.4	1.3825	0.6	23	2	0.51906	23
13	4	3	4	0.8	2.3727	13	1.8	4.7385	0.6	29	2	0.68634	0
13	4	4	4	0.8	2.2061	13	2.2	4.2381	0.6	36	2	0.76589	0
13	4	5	4	0.8	5.0392	13	1.8	1.3506	0.6	29	2	0.5499	29
13	4	6	4	0.8	2.0067	13	1	3.7074	0.6	16	2	0.50237	16
13	4	7	4	0.8	2.7343	13	2.6	5.2771	0.6	43	2	0.73396	0
13	4	8	4	0.8	5.3943	13	1	1.1443	0.6	16	2	0.40597	16
13	4	9	4	0.8	1.8072	13	2.2	4.7365	0.6	36	2	0.65479	0
13	4	10	4	0.8	0.67302	13	3	3.4912	0.6	49	2	0.73985	0
13	4	11	4	0.8	1.6031	13	1	3.8064	0.6	16	1	0.34327	13
13	4	12	4	0.8	1.9946	13	1.4	5.0361	0.6	23	1	0.27031	13
13	4	13	4	0.8	5.1043	13	1	2.0066	0.6	16	1	0.391	13
13	4	14	4	0.8	3.9903	13	1	1.1993	0.6	16	2	0.4214	16
13	4	15	4	0.8	3.2287	13	1.4	5.6018	0.6	23	2	1.3501	0
13	4	16	4	0.8	0.65206	13	1.4	3.4368	0.6	23	2	0.582	23
13	4	17	4	0.8	2.3233	13	2.2	5.1278	0.6	36	2	0.98224	0
13	4	18	4	0.8	0.52244	13	1	5.4742	0.6	16	2	0.41471	16
13	4	19	4	0.8	5.0441	13	3	1.0288	0.6	49	2	0.58254	49
13	4	20	4	0.8	1.0975	13	3	3.6294	0.6	49	2	0.74968	0
13	4	21	4	0.8	5.2361	13	1.8	3.2914	0.6	29	1	0.58293	13
13	4	22	4	0.8	5.1965	13	2.2	3.3829	0.6	36	1	1.1684	0
13	4	23	4	0.8	1.4455	13	2.6	4.763	0.6	43	1	0.28533	13
13	4	24	4	0.8	4.3354	13	1.4	1.0187	0.6	23	1	0.36699	13
13	4	25	4	0.8	5.5664	13	2.6	1.3019	0.6	43	1	0.53376	13
13	4	26	4	0.8	2.0235	13	1.8	5.0732	0.6	29	2	0.5814	29
13	4	27	4	0.8	2.3385	13	2.2	4.4705	0.6	36	2	0.74965	0
13	4	28	4	0.8	4.7421	13	3	0.44357	0.6	49	1	0.42222	13
13	4	29	4	0.8	4.2187	13	1.4	0.91321	0.6	23	1	0.39736	13
13	4	30	4	0.8	1.6778	13	2.2	5.3179	0.6	36	1	0.24623	13
13	4	31	4	0.8	3.8878	13	2.6	1.2666	0.6	43	1	0.37491	13
13	4	32	4	0.8	4.6625	13	2.6	0.8759	0.6	43	1	0.46289	13
13	4	33	4	0.8	3.8709	13	3	1.0462	0.6	49	2	1.0462	0
13	4	34	4	0.8	2.6934	13	2.6	0.57297	0.6	43	1	0.31058	13
13	4	35	4	0.8	4.6757	13	3	2.4833	0.6	49	2	0.78897	0
13	4	36	4	0.8	3.8743	13	1.8	1.0232	0.6	29	1	0.38048	13
];

