% risk_exp2_subject_15

d1 = [15	1	1	1	0.8	5.1714	8	2.2	1.4653	0.9	24	2	0.87867	24
15	1	2	1	0.8	4.9851	8	1.4	1.8967	0.9	15	2	0.50237	15
15	1	3	1	0.8	0.96948	8	2.2	2.9718	0.9	24	2	0.94243	0
15	1	4	1	0.8	4.3704	8	2.2	1.251	0.9	24	1	0.56787	8
15	1	5	1	0.8	2.6506	8	1.8	5.2765	0.9	20	1	0.50216	8
15	1	6	1	0.8	0.80195	8	3	3.0009	0.9	33	1	0.60576	8
15	1	7	1	0.8	5.5462	8	1.4	2.8696	0.9	15	1	0.51789	8
15	1	8	1	0.8	3.0848	8	2.6	4.9295	0.9	28	1	0.54921	8
15	1	9	1	0.8	5.0893	8	1	3.3775	0.9	11	2	0.52005	11
15	1	10	1	0.8	3.4941	8	1.8	1.0481	0.9	20	2	0.57407	20
15	1	11	1	0.8	4.3756	8	3	1.8029	0.9	33	2	0.53453	33
15	1	12	1	0.8	2.854	8	3	1.2294	0.9	33	2	0.61505	33
15	1	13	1	0.8	2.6421	8	1.8	5.6632	0.9	20	2	0.5911	20
15	1	14	1	0.8	5.3581	8	2.6	3.5701	0.9	28	2	1.0553	0
15	1	15	1	0.8	3.5654	8	1.4	1.7996	0.9	15	2	0.61452	15
15	1	16	1	0.8	2.1068	8	2.6	3.7859	0.9	28	2	0.65295	28
15	1	17	1	0.8	3.7319	8	3	0.78024	0.9	33	2	0.54848	33
15	1	18	1	0.8	4.7856	8	1	2.5067	0.9	11	2	0.53402	11
15	1	19	1	0.8	4.474	8	3	2.254	0.9	33	2	0.9966	0
15	1	20	1	0.8	4.0681	8	2.2	1.8533	0.9	24	2	0.46196	24
15	1	21	1	0.8	2.6963	8	3	4.3388	0.9	33	2	0.67897	33
15	1	22	1	0.8	0.43604	8	1.8	5.6219	0.9	20	2	0.68616	20
15	1	23	1	0.8	4.4587	8	1.4	1.4052	0.9	15	2	0.52582	15
15	1	24	1	0.8	2.9978	8	1.8	0.44595	0.9	20	2	0.62173	20
15	1	25	1	0.8	0.62547	8	1	3.0994	0.9	11	2	0.48659	11
15	1	26	1	0.8	0.8666	8	2.2	3.5622	0.9	24	2	0.66159	24
15	1	27	1	0.8	1.5331	8	2.6	3.6464	0.9	28	2	0.86941	28
15	1	28	1	0.8	2.1384	8	1	4.5612	0.9	11	2	0.91763	0
15	1	29	1	0.8	1.4401	8	1.4	3.1185	0.9	15	2	0.37836	15
15	1	30	1	0.8	2.4159	8	1	4.7216	0.9	11	2	0.684	11
15	1	31	1	0.8	3.7794	8	1.8	5.6247	0.9	20	2	0.59925	20
15	1	32	1	0.8	1.8922	8	1.4	3.56	0.9	15	2	0.54298	15
15	1	33	1	0.8	2.529	8	2.2	4.2672	0.9	24	2	0.8625	24
15	1	34	1	0.8	0.81769	8	2.6	4.5886	0.9	28	2	0.74913	28
15	1	35	1	0.8	5.7556	8	2.6	1.5841	0.9	28	2	0.6136	28
15	1	36	1	0.8	4.575	8	1	1.8683	0.9	11	2	0.40584	11
];

d2 = [15	2	1	2	0.8	5.336	10	2.2	2.0359	0.8	27	2	0.61445	27
15	2	2	2	0.8	3.8811	10	1.4	1.3825	0.8	17	2	0.6051	17
15	2	3	2	0.8	5.873	10	2.2	0.97697	0.8	27	2	0.85252	0
15	2	4	2	0.8	5.7461	10	2.2	2.8523	0.8	27	1	0.53458	10
15	2	5	2	0.8	1.6459	10	1.8	3.5266	0.8	22	1	0.41423	10
15	2	6	2	0.8	5.0638	10	3	0.73771	0.8	37	1	0.37405	10
15	2	7	2	0.8	2.5608	10	1.4	4.204	0.8	17	1	0.31003	10
15	2	8	2	0.8	2.3865	10	2.6	5.8407	0.8	32	1	0.42165	10
15	2	9	2	0.8	0.42204	10	1	5.7968	0.8	12	2	0.99679	0
15	2	10	2	0.8	0.44629	10	1.8	3.3988	0.8	22	2	0.58031	22
15	2	11	2	0.8	1.02	10	3	3.2348	0.8	37	2	0.68676	37
15	2	12	2	0.8	3.279	10	3	5.5403	0.8	37	2	0.76298	37
15	2	13	2	0.8	4.234	10	1.8	1.612	0.8	22	2	0.70315	22
15	2	14	2	0.8	1.7215	10	2.6	4.5019	0.8	32	2	0.86998	0
15	2	15	2	0.8	3.6865	10	1.4	1.0211	0.8	17	1	0.3566	10
15	2	16	2	0.8	3.6484	10	2.6	0.50905	0.8	32	1	0.38196	10
15	2	17	2	0.8	2.4986	10	3	0.61187	0.8	37	1	0.46742	10
15	2	18	2	0.8	3.0734	10	1	5.788	0.8	12	2	0.3983	12
15	2	19	2	0.8	1.42	10	3	3.7836	0.8	37	2	0.74135	37
15	2	20	2	0.8	2.2043	10	2.2	4.191	0.8	27	2	0.7754	27
15	2	21	2	0.8	4.2496	10	3	1.1518	0.8	37	2	0.65594	37
15	2	22	2	0.8	4.9018	10	1.8	2.7719	0.8	22	2	0.62938	22
15	2	23	2	0.8	3.4286	10	1.4	5.6813	0.8	17	2	0.42141	17
15	2	24	2	0.8	5.1969	10	1.8	2.1314	0.8	22	2	0.56659	22
15	2	25	2	0.8	4.7331	10	1	3.0448	0.8	12	2	0.47861	12
15	2	26	2	0.8	2.529	10	2.2	4.2672	0.8	27	1	0.4456	10
15	2	27	2	0.8	2.2878	10	2.6	4.3391	0.8	32	1	0.48569	10
15	2	28	2	0.8	3.016	10	1	0.4166	0.8	12	2	0.43791	12
15	2	29	2	0.8	4.9725	10	1.4	2.7225	0.8	17	2	0.549	17
15	2	30	2	0.8	3.5273	10	1	5.7047	0.8	12	1	0.36566	10
15	2	31	2	0.8	3.1736	10	1.8	5.1088	0.8	22	1	0.37502	10
15	2	32	2	0.8	3.0284	10	1.4	5.5901	0.8	17	2	0.5023	17
15	2	33	2	0.8	2.1739	10	2.2	4.5044	0.8	27	2	0.54213	27
15	2	34	2	0.8	3.6067	10	2.6	0.82895	0.8	32	2	0.46342	32
15	2	35	2	0.8	1.2134	10	2.6	3.2612	0.8	32	2	0.64568	32
15	2	36	2	0.8	1.2934	10	1	3.1608	0.8	12	1	0.36597	10
];

d3 = [15	3	1	3	0.8	4.6422	11	2.2	2.5045	0.7	31	2	0.58241	31
15	3	2	3	0.8	2.5729	11	1.4	5.6907	0.7	19	2	0.37472	19
15	3	3	3	0.8	0.48825	11	2.2	2.7767	0.7	31	2	0.58998	31
15	3	4	3	0.8	2.634	11	2.2	1.0172	0.7	31	2	0.65391	31
15	3	5	3	0.8	4.119	11	1.8	2.4327	0.7	25	2	0.44763	25
15	3	6	3	0.8	2.8876	11	3	5.8573	0.7	42	2	0.64602	42
15	3	7	3	0.8	3.8853	11	1.4	1.941	0.7	19	2	0.47811	19
15	3	8	3	0.8	2.0974	11	2.6	5.6407	0.7	37	2	0.60542	37
15	3	9	3	0.8	1.8315	11	1	5.0829	0.7	14	1	0.57356	11
15	3	10	3	0.8	4.2789	11	1.8	1.8857	0.7	25	2	0.58895	25
15	3	11	3	0.8	1.8086	11	3	4.6232	0.7	42	2	0.62226	42
15	3	12	3	0.8	5.1128	11	3	3.3338	0.7	42	2	0.47082	42
15	3	13	3	0.8	4.6623	11	1.8	2.7408	0.7	25	2	0.43819	25
15	3	14	3	0.8	3.1508	11	2.6	5.7944	0.7	37	2	0.61358	37
15	3	15	3	0.8	5.775	11	1.4	3.4168	0.7	19	2	0.59772	19
15	3	16	3	0.8	1.9239	11	2.6	5.6194	0.7	37	2	0.41453	37
15	3	17	3	0.8	1.8917	11	3	4.597	0.7	42	2	0.73264	0
15	3	18	3	0.8	2.3877	11	1	4.4969	0.7	14	1	0.47781	11
15	3	19	3	0.8	0.86923	11	3	3.0382	0.7	42	2	0.51698	42
15	3	20	3	0.8	2.2079	11	2.2	4.884	0.7	31	2	0.59684	31
15	3	21	3	0.8	5.5222	11	3	3.4933	0.7	42	2	0.92758	0
15	3	22	3	0.8	5.1235	11	1.8	2.9114	0.7	25	2	0.5353	25
15	3	23	3	0.8	2.4416	11	1.4	4.8037	0.7	19	2	0.52593	19
15	3	24	3	0.8	4.9554	11	1.8	0.80037	0.7	25	2	0.47002	25
15	3	25	3	0.8	3.7844	11	1	5.5039	0.7	14	2	0.50637	14
15	3	26	3	0.8	4.415	11	2.2	0.41467	0.7	31	2	0.6298	31
15	3	27	3	0.8	4.8498	11	2.6	1.4203	0.7	37	2	0.71791	0
15	3	28	3	0.8	5.7467	11	1	3.3761	0.7	14	2	0.462	14
15	3	29	3	0.8	5.6892	11	1.4	3.9323	0.7	19	2	0.5101	19
15	3	30	3	0.8	4.3775	11	1	2.5612	0.7	14	2	0.38073	14
15	3	31	3	0.8	5.4215	11	1.8	2.9065	0.7	25	2	0.5424	25
15	3	32	3	0.8	3.2413	11	1.4	1.2947	0.7	19	2	0.58296	19
15	3	33	3	0.8	1.802	11	2.2	5.6407	0.7	31	2	0.41422	31
15	3	34	3	0.8	4.2391	11	2.6	1.9531	0.7	37	2	0.66149	37
15	3	35	3	0.8	5.0392	11	2.6	2.738	0.7	37	2	0.4937	37
15	3	36	3	0.8	2.5546	11	1	4.5173	0.7	14	2	0.36574	14
];

d4 = [15	4	1	4	0.8	3.7716	13	2.2	5.7307	0.6	36	2	0.55844	36
15	4	2	4	0.8	5.861	13	1.4	0.46044	0.6	23	2	0.51843	23
15	4	3	4	0.8	2.9049	13	2.2	4.6694	0.6	36	2	0.77549	0
15	4	4	4	0.8	4.0997	13	2.2	2.4788	0.6	36	2	0.55789	36
15	4	5	4	0.8	2.4	13	1.8	0.57782	0.6	29	2	0.9898	0
15	4	6	4	0.8	5.8136	13	3	2.1352	0.6	49	2	0.52589	49
15	4	7	4	0.8	5.4722	13	1.4	1.6105	0.6	23	2	0.46168	23
15	4	8	4	0.8	2.6582	13	2.6	4.7531	0.6	43	2	0.61335	0
15	4	9	4	0.8	5.1688	13	1	0.70563	0.6	16	2	0.50909	16
15	4	10	4	0.8	4.3841	13	1.8	0.72677	0.6	29	2	0.5008	29
15	4	11	4	0.8	1.2653	13	3	3.3709	0.6	49	2	0.51838	49
15	4	12	4	0.8	5.7218	13	3	2.2485	0.6	49	2	0.5423	49
15	4	13	4	0.8	5.0081	13	1.8	0.55093	0.6	29	2	0.91878	0
15	4	14	4	0.8	2.8288	13	2.6	5.1145	0.6	43	2	0.6219	0
15	4	15	4	0.8	4.4316	13	1.4	0.92274	0.6	23	2	0.39774	23
15	4	16	4	0.8	1.0683	13	2.6	4.9884	0.6	43	2	0.71084	0
15	4	17	4	0.8	3.0858	13	3	0.5229	0.6	49	2	0.52637	49
15	4	18	4	0.8	2.5235	13	1	0.49652	0.6	16	2	0.72529	0
15	4	19	4	0.8	2.7923	13	3	0.4166	0.6	49	2	0.47717	49
15	4	20	4	0.8	1.7437	13	2.2	4.9725	0.6	36	2	0.62168	0
15	4	21	4	0.8	0.47943	13	3	4.9329	0.6	49	1	0.47082	13
15	4	22	4	0.8	1.8366	13	1.8	3.6636	0.6	29	2	0.51829	29
15	4	23	4	0.8	4.5997	13	1.4	2.9686	0.6	23	2	0.5832	23
15	4	24	4	0.8	0.80418	13	1.8	3.0214	0.6	29	2	0.52619	29
15	4	25	4	0.8	4.1618	13	1	1.2947	0.6	16	2	0.39014	16
15	4	26	4	0.8	4.3977	13	2.2	1.6959	0.6	36	2	0.74315	0
15	4	27	4	0.8	4.2755	13	2.6	1.6004	0.6	43	2	0.6615	0
15	4	28	4	0.8	2.2566	13	1	4.2604	0.6	16	2	0.61424	0
15	4	29	4	0.8	5.7999	13	1.4	1.7208	0.6	23	2	0.44502	23
15	4	30	4	0.8	4.3309	13	1	1.3095	0.6	16	2	0.445	16
15	4	31	4	0.8	4.3913	13	1.8	0.89506	0.6	29	1	0.43874	13
15	4	32	4	0.8	4.5275	13	1.4	1.151	0.6	23	1	0.46164	13
15	4	33	4	0.8	2.1841	13	2.2	3.7922	0.6	36	1	0.4149	13
15	4	34	4	0.8	2.116	13	2.6	3.7372	0.6	43	1	0.43887	13
15	4	35	4	0.8	3.4699	13	2.6	0.90125	0.6	43	1	0.42181	13
15	4	36	4	0.8	4.5473	13	1	2.6794	0.6	16	2	0.46156	16
];

