% risk_exp2_subject_08

d1 = [8	1	1	1	0.8	0.98224	8	1.8	4.0704	0.9	20	2	1.5567	0
8	1	2	1	0.8	5.1354	8	1.8	0.86045	0.9	20	1	0.61455	8
8	1	3	1	0.8	3.0889	8	3	0.8502	0.9	33	2	1.3671	0
8	1	4	1	0.8	3.3362	8	3	0.77461	0.9	33	1	0.9027	0
8	1	5	1	0.8	2.7357	8	3	4.5845	0.9	33	1	0.94996	0
8	1	6	1	0.8	4.0321	8	3	5.775	0.9	33	2	1.5974	0
8	1	7	1	0.8	5.3317	8	1.4	1.5261	0.9	15	1	0.90991	0
8	1	8	1	0.8	4.8988	8	2.2	3.1411	0.9	24	1	1.2067	0
8	1	9	1	0.8	0.61754	8	2.2	2.9789	0.9	24	1	0.96433	0
8	1	10	1	0.8	5.6357	8	1	3.4997	0.9	11	1	0.94063	0
8	1	11	1	0.8	3.7839	8	2.6	2.109	0.9	28	2	1.0465	0
8	1	12	1	0.8	0.86222	8	1	4.6599	0.9	11	2	1.367	0
8	1	13	1	0.8	1.486	8	2.2	5.2175	0.9	24	1	0.95032	0
8	1	14	1	0.8	5.7116	8	1.4	2.6062	0.9	15	1	1.0384	0
8	1	15	1	0.8	3.849	8	1	0.59227	0.9	11	2	1.0217	0
8	1	16	1	0.8	5.0132	8	2.2	1.9013	0.9	24	2	1.23	0
8	1	17	1	0.8	1.2649	8	2.6	5.4726	0.9	28	1	0.87719	8
8	1	18	1	0.8	1.1269	8	3	4.6444	0.9	33	1	1.3416	0
8	1	19	1	0.8	3.9496	8	2.2	0.51456	0.9	24	2	2.0852	0
8	1	20	1	0.8	5.339	8	2.6	1.7691	0.9	28	1	1.4611	0
8	1	21	1	0.8	1.7321	8	3	3.754	0.9	33	1	0.95089	0
8	1	22	1	0.8	2.7703	8	2.2	5.7901	0.9	24	2	0.87806	24
8	1	23	1	0.8	4.9998	8	1.8	0.78262	0.9	20	1	1.3584	0
8	1	24	1	0.8	5.7654	8	1.8	4.1035	0.9	20	2	1.03	0
8	1	25	1	0.8	2.1845	8	2.6	0.49557	0.9	28	2	1.1415	0
8	1	26	1	0.8	2.8865	8	1	1.2694	0.9	11	2	0.89341	11
8	1	27	1	0.8	1.3152	8	1.4	4.597	0.9	15	2	1.2301	0
8	1	28	1	0.8	1.9395	8	1.4	4.0598	0.9	15	1	1.1176	0
8	1	29	1	0.8	4.6664	8	1.4	3.053	0.9	15	2	1.109	0
8	1	30	1	0.8	3.6935	8	1	1.6841	0.9	11	1	0.74212	8
8	1	31	1	0.8	4.0423	8	1.4	1.658	0.9	15	1	0.66283	8
8	1	32	1	0.8	3.153	8	1.8	5.0152	0.9	20	1	0.80693	8
8	1	33	1	0.8	2.468	8	1.8	5.7563	0.9	20	1	0.80674	8
8	1	34	1	0.8	4.3479	8	1	2.5039	0.9	11	2	0.73377	11
8	1	35	1	0.8	4.7824	8	2.6	1.1952	0.9	28	2	0.6939	28
8	1	36	1	0.8	4.8723	8	2.6	0.68746	0.9	28	2	0.92591	0
];

d2 = [8	2	1	2	0.8	3.1347	10	1.8	0.56451	0.8	22	1	0.8386	0
8	2	2	2	0.8	1.5336	10	1.8	5.5149	0.8	22	1	0.79804	10
8	2	3	2	0.8	3.8131	10	3	5.4549	0.8	37	2	1.1586	0
8	2	4	2	0.8	4.518	10	3	0.94795	0.8	37	2	1.1261	0
8	2	5	2	0.8	1.5801	10	3	3.2048	0.8	37	1	0.57619	10
8	2	6	2	0.8	4.8787	10	3	1.7971	0.8	37	1	0.73409	10
8	2	7	2	0.8	3.5674	10	1.4	1.6464	0.8	17	1	0.53419	10
8	2	8	2	0.8	3.9716	10	2.2	0.45031	0.8	27	1	0.50201	10
8	2	9	2	0.8	5.7994	10	2.2	0.62683	0.8	27	1	0.45343	10
8	2	10	2	0.8	4.0543	10	1	1.6854	0.8	12	1	0.79747	10
8	2	11	2	0.8	2.8278	10	2.6	1.1312	0.8	32	1	0.55876	10
8	2	12	2	0.8	1.056	10	1	5.8322	0.8	12	1	0.57468	10
8	2	13	2	0.8	5.4157	10	2.2	3.5466	0.8	27	1	0.43092	10
8	2	14	2	0.8	1.6021	10	1.4	4.0399	0.8	17	1	0.80657	0
8	2	15	2	0.8	4.4346	10	1	0.73899	0.8	12	1	0.45621	10
8	2	16	2	0.8	5.688	10	2.2	2.8142	0.8	27	1	0.46107	10
8	2	17	2	0.8	5.0414	10	2.6	1.9646	0.8	32	1	0.5983	10
8	2	18	2	0.8	5.7416	10	3	3.6088	0.8	37	1	0.44569	10
8	2	19	2	0.8	5.827	10	2.2	0.90479	0.8	27	1	0.76587	10
8	2	20	2	0.8	4.7861	10	2.6	2.1608	0.8	32	1	0.9093	0
8	2	21	2	0.8	0.73358	10	3	5.4947	0.8	37	1	0.57518	10
8	2	22	2	0.8	1.8958	10	2.2	5.0693	0.8	27	1	0.55862	10
8	2	23	2	0.8	5.5384	10	1.8	1.486	0.8	22	1	0.76678	10
8	2	24	2	0.8	5.5758	10	1.8	3.6336	0.8	22	1	0.66246	10
8	2	25	2	0.8	4.0814	10	2.6	2.3059	0.8	32	1	0.91054	0
8	2	26	2	0.8	5.7574	10	1	2.9811	0.8	12	1	0.51859	10
8	2	27	2	0.8	5.4675	10	1.4	2.4544	0.8	17	1	0.58202	10
8	2	28	2	0.8	5.4023	10	1.4	0.4278	0.8	17	1	0.62978	10
8	2	29	2	0.8	4.0208	10	1.4	1.3752	0.8	17	1	0.49358	10
8	2	30	2	0.8	2.0489	10	1	3.7339	0.8	12	1	1.0935	0
8	2	31	2	0.8	1.9515	10	1.4	3.7298	0.8	17	1	0.74299	10
8	2	32	2	0.8	0.54485	10	1.8	3.137	0.8	22	1	0.55906	10
8	2	33	2	0.8	2.7656	10	1.8	5.0398	0.8	22	1	0.99081	0
8	2	34	2	0.8	3.9166	10	1	0.63695	0.8	12	1	0.65423	10
8	2	35	2	0.8	4.3306	10	2.6	2.25	0.8	32	1	0.63085	10
8	2	36	2	0.8	1.1784	10	2.6	4.5459	0.8	32	1	0.74248	10
];

d3 = [8	3	1	3	0.8	0.87516	11	1.8	3.9452	0.7	25	1	0.44707	11
8	3	2	3	0.8	3.0489	11	1.8	5.6452	0.7	25	1	0.50277	11
8	3	3	3	0.8	5.7826	11	3	3.0787	0.7	42	1	0.86296	0
8	3	4	3	0.8	2.4842	11	3	5.2412	0.7	42	1	0.6227	11
8	3	5	3	0.8	1.9437	11	3	4.421	0.7	42	1	0.758	0
8	3	6	3	0.8	2.3315	11	3	5.4168	0.7	42	1	0.582	11
8	3	7	3	0.8	5.6446	11	1.4	1.96	0.7	19	1	0.56618	11
8	3	8	3	0.8	1.0937	11	2.2	4.3386	0.7	31	1	0.8941	0
8	3	9	3	0.8	2.378	11	2.2	5.3362	0.7	31	1	0.76593	0
8	3	10	3	0.8	1.018	11	1	2.8928	0.7	14	2	0.86168	0
8	3	11	3	0.8	3.9624	11	2.6	1.4003	0.7	37	1	0.62314	11
8	3	12	3	0.8	1.9995	11	1	4.1035	0.7	14	1	0.63147	11
8	3	13	3	0.8	5.1536	11	2.2	2.8142	0.7	31	1	0.53453	11
8	3	14	3	0.8	3.0277	11	1.4	1.3466	0.7	19	1	0.6623	11
8	3	15	3	0.8	2.5097	11	1	4.1538	0.7	14	1	0.46248	11
8	3	16	3	0.8	3.1622	11	2.2	4.8778	0.7	31	1	0.7182	0
8	3	17	3	0.8	1.7879	11	2.6	4.4159	0.7	37	1	0.5256	11
8	3	18	3	0.8	0.62441	11	3	3.5007	0.7	42	1	0.70907	0
8	3	19	3	0.8	3.6795	11	2.2	5.4484	0.7	31	1	0.41338	11
8	3	20	3	0.8	3.9499	11	2.6	5.6456	0.7	37	1	0.6839	11
8	3	21	3	0.8	4.4108	11	3	1.5966	0.7	42	2	0.84641	0
8	3	22	3	0.8	4.7058	11	2.2	1.0513	0.7	31	1	0.52689	11
8	3	23	3	0.8	3.9199	11	1.8	1.8374	0.7	25	1	0.53467	11
8	3	24	3	0.8	3.0723	11	1.8	5.5202	0.7	25	1	0.43839	11
8	3	25	3	0.8	0.88673	11	2.6	5.0893	0.7	37	1	0.43829	11
8	3	26	3	0.8	3.4941	11	1	1.0481	0.7	14	1	0.51063	11
8	3	27	3	0.8	0.95175	11	1.4	4.0208	0.7	19	1	0.50168	11
8	3	28	3	0.8	4.2391	11	1.4	2.0489	0.7	19	1	0.58167	11
8	3	29	3	0.8	4.9135	11	1.4	0.47446	0.7	19	1	0.68579	11
8	3	30	3	0.8	0.86407	11	1	2.6941	0.7	14	1	0.59808	11
8	3	31	3	0.8	1.6768	11	1.4	4.1306	0.7	19	1	0.45509	11
8	3	32	3	0.8	3.9391	11	1.8	2.0639	0.7	25	1	0.51096	11
8	3	33	3	0.8	5.0967	11	1.8	1.7176	0.7	25	1	0.46267	11
8	3	34	3	0.8	5.1314	11	1	2.25	0.7	14	1	0.64668	11
8	3	35	3	0.8	2.1151	11	2.6	4.8662	0.7	37	1	0.69423	11
8	3	36	3	0.8	5.7177	11	2.6	1.335	0.7	37	1	0.59848	11
];

d4 = [8	4	1	4	0.8	2.9124	13	1.8	5.4068	0.6	29	2	0.91838	0
8	4	2	4	0.8	5.8736	13	1.8	0.45562	0.6	29	1	0.91068	0
8	4	3	4	0.8	2.1358	13	3	5.4271	0.6	49	1	0.70299	0
8	4	4	4	0.8	5.446	13	3	3.3338	0.6	49	2	0.91805	0
8	4	5	4	0.8	0.54226	13	3	5.6215	0.6	49	1	0.78302	0
8	4	6	4	0.8	4.2591	13	3	2.4834	0.6	49	2	0.92596	0
8	4	7	4	0.8	1.9326	13	1.4	5.2403	0.6	23	2	1.3102	0
8	4	8	4	0.8	5.6178	13	2.2	3.242	0.6	36	1	0.70213	0
8	4	9	4	0.8	4.9348	13	2.2	1.1168	0.6	36	2	0.94193	0
8	4	10	4	0.8	2.0761	13	1	4.884	0.6	16	2	0.7807	0
8	4	11	4	0.8	3.0739	13	2.6	4.9125	0.6	43	1	0.44669	13
8	4	12	4	0.8	1.5925	13	1	5.1309	0.6	16	1	0.68677	0
8	4	13	4	0.8	2.5602	13	2.2	5.8844	0.6	36	1	0.59853	13
8	4	14	4	0.8	2.5468	13	1.4	5.8189	0.6	23	1	0.62224	0
8	4	15	4	0.8	2.8187	13	1	1.1382	0.6	16	1	0.70325	0
8	4	16	4	0.8	5.8023	13	2.2	4.0432	0.6	36	2	0.6863	0
8	4	17	4	0.8	2.5505	13	2.6	5.7889	0.6	43	1	0.59777	13
8	4	18	4	0.8	4.8266	13	3	2.8443	0.6	49	1	0.82103	0
8	4	19	4	0.8	1.7287	13	2.2	5.8855	0.6	36	1	0.46207	13
8	4	20	4	0.8	4.0187	13	2.6	2.2383	0.6	43	2	0.85323	0
8	4	21	4	0.8	5.5202	13	3	0.60541	0.6	49	1	0.64676	0
8	4	22	4	0.8	3.1047	13	2.2	4.7047	0.6	36	1	0.47907	13
8	4	23	4	0.8	1.7154	13	1.8	4.798	0.6	29	1	0.55746	13
8	4	24	4	0.8	3.6153	13	1.8	0.79967	0.6	29	1	0.47046	13
8	4	25	4	0.8	5.1399	13	2.6	1.2227	0.6	43	1	0.46241	13
8	4	26	4	0.8	2.0978	13	1	5.1243	0.6	16	1	0.38989	13
8	4	27	4	0.8	2.5278	13	1.4	5.7474	0.6	23	1	0.70991	0
8	4	28	4	0.8	4.0868	13	1.4	1.8936	0.6	23	1	0.46151	13
8	4	29	4	0.8	3.3835	13	1.4	0.43201	0.6	23	1	0.57365	13
8	4	30	4	0.8	3.3698	13	1	5.2942	0.6	16	1	0.77295	0
8	4	31	4	0.8	5.339	13	1.4	1.0787	0.6	23	2	0.63134	0
8	4	32	4	0.8	4.77	13	1.8	1.4774	0.6	29	1	0.55854	13
8	4	33	4	0.8	4.7953	13	1.8	0.92874	0.6	29	1	0.62253	0
8	4	34	4	0.8	4.6479	13	1	0.57156	0.6	16	2	0.61314	0
8	4	35	4	0.8	0.68519	13	2.6	4.1258	0.6	43	1	0.43033	13
8	4	36	4	0.8	5.301	13	2.6	2.9559	0.6	43	1	0.55019	13
];

