% risk_exp2_subject_10

d1 = [10	1	1	1	0.8	0.78024	8	2.2	4.335	0.9	24	2	1.3214	0
10	1	2	1	0.8	1.6119	8	1	4.4003	0.9	11	1	0.39767	8
10	1	3	1	0.8	5.8473	8	1.4	3.3141	0.9	15	1	0.51617	8
10	1	4	1	0.8	2.837	8	2.6	5.3958	0.9	28	2	0.77176	28
10	1	5	1	0.8	4.3399	8	2.2	2.0429	0.9	24	1	0.45262	8
10	1	6	1	0.8	0.61661	8	1.8	2.1979	0.9	20	2	0.63146	20
10	1	7	1	0.8	3.6722	8	2.2	1.4563	0.9	24	2	0.61422	24
10	1	8	1	0.8	5.8343	8	1.8	1.105	0.9	20	2	0.48725	20
10	1	9	1	0.8	3.4584	8	2.2	0.58664	0.9	24	2	0.71822	24
10	1	10	1	0.8	5.7563	8	2.2	1.5306	0.9	24	2	0.61378	24
10	1	11	1	0.8	4.3479	8	3	2.5039	0.9	33	2	1.021	0
10	1	12	1	0.8	1.6231	8	3	5.8291	0.9	33	1	0.47834	8
10	1	13	1	0.8	0.87994	8	1	3.4847	0.9	11	2	0.55738	11
10	1	14	1	0.8	5.7234	8	2.6	0.60541	0.9	28	2	0.66191	28
10	1	15	1	0.8	1.3279	8	1.8	3.1047	0.9	20	2	0.72633	20
10	1	16	1	0.8	5.8237	8	3	0.79257	0.9	33	2	0.67321	33
10	1	17	1	0.8	4.1012	8	2.6	5.7473	0.9	28	2	0.73274	28
10	1	18	1	0.8	1.4727	8	1.4	3.0571	0.9	15	2	0.55656	15
10	1	19	1	0.8	4.5508	8	1	2.7472	0.9	11	2	0.50963	11
10	1	20	1	0.8	3.0494	8	1.8	4.6562	0.9	20	2	0.52558	20
10	1	21	1	0.8	5.3943	8	1	1.3095	0.9	11	2	0.44649	11
10	1	22	1	0.8	2.8407	8	1.4	5.7052	0.9	15	2	0.47818	15
10	1	23	1	0.8	1.4774	8	1.4	5.5777	0.9	15	2	0.45438	15
10	1	24	1	0.8	1.0883	8	1.8	3.2141	0.9	20	2	0.61484	20
10	1	25	1	0.8	3.5702	8	3	1.8509	0.9	33	2	0.62178	33
10	1	26	1	0.8	5.8208	8	2.2	1.0825	0.9	24	2	0.58151	24
10	1	27	1	0.8	5.2214	8	3	1.7626	0.9	33	2	1.0053	0
10	1	28	1	0.8	4.0328	8	1.4	1.153	0.9	15	2	0.50775	15
10	1	29	1	0.8	5.565	8	3	0.49557	0.9	33	2	0.73275	33
10	1	30	1	0.8	4.1429	8	1	2.1224	0.9	11	2	0.45768	11
10	1	31	1	0.8	1.4543	8	1.4	4.6073	0.9	15	2	0.5909	15
10	1	32	1	0.8	1.1617	8	1.8	3.7081	0.9	20	2	0.61454	20
10	1	33	1	0.8	3.4718	8	1	1.6144	0.9	11	2	0.4483	11
10	1	34	1	0.8	1.9048	8	2.6	5.8275	0.9	28	2	0.65448	28
10	1	35	1	0.8	3.5544	8	2.6	5.3303	0.9	28	2	0.59929	28
10	1	36	1	0.8	0.98632	8	2.6	3.6463	0.9	28	2	0.67604	28
];

d2 = [10	2	1	2	0.8	5.4116	10	2.2	2.5928	0.8	27	2	0.61456	27
10	2	2	2	0.8	5.8157	10	1	1.5884	0.8	12	2	0.35049	12
10	2	3	2	0.8	4.1194	10	1.4	1.6522	0.8	17	1	0.34921	10
10	2	4	2	0.8	4.1012	10	2.6	5.7473	0.8	32	1	0.40615	10
10	2	5	2	0.8	5.8667	10	2.2	2.5715	0.8	27	2	0.5501	27
10	2	6	2	0.8	5.869	10	1.8	0.6134	0.8	22	2	0.53552	22
10	2	7	2	0.8	2.8511	10	2.2	5.8114	0.8	27	2	0.60552	27
10	2	8	2	0.8	2.9836	10	1.8	5.3229	0.8	22	2	0.43722	22
10	2	9	2	0.8	0.97699	10	2.2	3.4823	0.8	27	2	0.6211	27
10	2	10	2	0.8	2.4327	10	2.2	4.6936	0.8	27	2	0.62079	27
10	2	11	2	0.8	5.4576	10	3	3.4432	0.8	37	2	0.75079	37
10	2	12	2	0.8	4.4465	10	3	1.8967	0.8	37	2	0.61683	37
10	2	13	2	0.8	3.5835	10	1	1.4926	0.8	12	2	0.44606	12
10	2	14	2	0.8	1.2537	10	2.6	4.0006	0.8	32	2	0.66246	32
10	2	15	2	0.8	4.5807	10	1.8	1.0464	0.8	22	2	0.56599	22
10	2	16	2	0.8	5.2412	10	3	3.5527	0.8	37	2	0.62984	37
10	2	17	2	0.8	4.1035	10	2.6	1.165	0.8	32	2	0.59008	32
10	2	18	2	0.8	5.8268	10	1.4	3.8511	0.8	17	2	0.38198	17
10	2	19	2	0.8	1.0211	10	1	3.4071	0.8	12	2	0.36537	12
10	2	20	2	0.8	3.0365	10	1.8	5.3428	0.8	22	2	0.57743	22
10	2	21	2	0.8	5.4056	10	1	2.1465	0.8	12	2	0.39309	12
10	2	22	2	0.8	4.9263	10	1.4	2.4735	0.8	17	2	1.3821	0
10	2	23	2	0.8	1.4282	10	1.4	4.5048	0.8	17	2	0.45814	17
10	2	24	2	0.8	1.0272	10	1.8	2.9093	0.8	22	2	0.57866	22
10	2	25	2	0.8	2.2667	10	3	0.56157	0.8	37	2	0.63863	37
10	2	26	2	0.8	1.351	10	2.2	4.1251	0.8	27	2	0.41344	27
10	2	27	2	0.8	1.3617	10	3	3.264	0.8	37	2	0.65415	37
10	2	28	2	0.8	2.903	10	1.4	4.5058	0.8	17	2	0.57423	17
10	2	29	2	0.8	5.2719	10	3	1.4111	0.8	37	2	0.51635	37
10	2	30	2	0.8	3.9516	10	1	5.8051	0.8	12	2	0.35705	12
10	2	31	2	0.8	5.6607	10	1.4	3.8725	0.8	17	2	0.6148	17
10	2	32	2	0.8	2.0365	10	1.8	4.1822	0.8	22	2	0.50255	22
10	2	33	2	0.8	0.46839	10	1	5.5973	0.8	12	2	0.5679	12
10	2	34	2	0.8	4.115	10	2.6	0.68771	0.8	32	2	0.99848	0
10	2	35	2	0.8	0.87994	10	2.6	3.4847	0.8	32	2	0.93386	0
10	2	36	2	0.8	2.6099	10	2.6	4.9177	0.8	32	2	0.64607	32
];

d3 = [10	3	1	3	0.8	4.9373	11	2.2	1.3506	0.7	31	2	0.50125	31
10	3	2	3	0.8	5.8045	11	1	2.196	0.7	14	2	0.57401	14
10	3	3	3	0.8	4.534	11	1.4	0.86864	0.7	19	2	0.54116	19
10	3	4	3	0.8	2.6324	11	2.6	0.95326	0.7	37	2	0.74017	0
10	3	5	3	0.8	4.2764	11	2.2	1.7691	0.7	31	2	0.4626	31
10	3	6	3	0.8	5.1136	11	1.8	0.67251	0.7	25	2	0.42442	25
10	3	7	3	0.8	2.6806	11	2.2	5.4156	0.7	31	2	0.75169	0
10	3	8	3	0.8	2.261	11	1.8	5.7291	0.7	25	2	0.65222	25
10	3	9	3	0.8	0.48015	11	2.2	4.7401	0.7	31	2	0.60423	31
10	3	10	3	0.8	5.3522	11	2.2	1.5138	0.7	31	2	0.57413	31
10	3	11	3	0.8	5.3945	11	3	1.8352	0.7	42	2	0.86276	0
10	3	12	3	0.8	4.145	11	3	2.4339	0.7	42	2	0.46248	42
10	3	13	3	0.8	4.071	11	1	0.60357	0.7	14	1	0.37492	11
10	3	14	3	0.8	2.9647	11	2.6	5.7703	0.7	37	2	0.55804	37
10	3	15	3	0.8	2.0047	11	1.8	4.5614	0.7	25	2	0.50167	25
10	3	16	3	0.8	1.9807	11	3	5.3362	0.7	42	2	0.49359	42
10	3	17	3	0.8	1.835	11	2.6	4.754	0.7	37	2	0.86162	0
10	3	18	3	0.8	4.8988	11	1.4	3.1411	0.7	19	2	0.42124	19
10	3	19	3	0.8	4.1035	11	1	1.6132	0.7	14	2	0.57369	14
10	3	20	3	0.8	2.4286	11	1.8	5.7352	0.7	25	2	0.42146	25
10	3	21	3	0.8	4.7067	11	1	0.46467	0.7	14	2	0.68741	14
10	3	22	3	0.8	4.0902	11	1.4	1.354	0.7	19	2	0.3743	19
10	3	23	3	0.8	0.92686	11	1.4	4.5316	0.7	19	2	0.46212	19
10	3	24	3	0.8	3.6538	11	1.8	1.3597	0.7	25	2	0.49261	25
10	3	25	3	0.8	5.3255	11	3	2.4095	0.7	42	2	0.63755	42
10	3	26	3	0.8	1.7266	11	2.2	5.7889	0.7	31	2	0.41368	31
10	3	27	3	0.8	4.6855	11	3	3.0088	0.7	42	2	0.4615	42
10	3	28	3	0.8	3.2878	11	1.4	1.0001	0.7	19	2	0.35683	19
10	3	29	3	0.8	2.4986	11	3	5.7998	0.7	42	2	0.70759	0
10	3	30	3	0.8	3.612	11	1	1.7717	0.7	14	2	0.42134	14
10	3	31	3	0.8	3.9073	11	1.4	1.0232	0.7	19	2	0.57468	19
10	3	32	3	0.8	1.7103	11	1.8	5.4299	0.7	25	2	0.4862	25
10	3	33	3	0.8	0.96998	11	1	3.3856	0.7	14	2	0.91007	0
10	3	34	3	0.8	5.4634	11	2.6	3.4914	0.7	37	2	0.58947	37
10	3	35	3	0.8	2.2431	11	2.6	5.0183	0.7	37	2	0.63771	37
10	3	36	3	0.8	4.4033	11	2.6	1.4945	0.7	37	2	0.59026	37
];

d4 = [10	4	1	4	0.8	5.8485	13	2.2	1.6066	0.6	36	2	0.45328	36
10	4	2	4	0.8	1.9946	13	1	5.0361	0.6	16	2	0.40629	16
10	4	3	4	0.8	2.053	13	1.4	4.5474	0.6	23	2	0.75794	0
10	4	4	4	0.8	2.0889	13	2.6	5.8862	0.6	43	2	0.7175	0
10	4	5	4	0.8	0.78262	13	2.2	3.5517	0.6	36	2	0.4787	36
10	4	6	4	0.8	4.74	13	1.8	2.8461	0.6	29	2	0.50954	29
10	4	7	4	0.8	0.57495	13	2.2	4.6352	0.6	36	2	0.44571	36
10	4	8	4	0.8	1.8267	13	1.8	4.8826	0.6	29	2	0.47092	29
10	4	9	4	0.8	1.7255	13	2.2	3.7618	0.6	36	2	0.43062	36
10	4	10	4	0.8	3.9932	13	2.2	1.6608	0.6	36	2	0.41992	36
10	4	11	4	0.8	1.8676	13	3	5.0211	0.6	49	2	0.63863	0
10	4	12	4	0.8	5.7471	13	3	1.318	0.6	49	1	0.36656	13
10	4	13	4	0.8	3.1411	13	1	5.494	0.6	16	2	0.38291	16
10	4	14	4	0.8	2.2259	13	2.6	4.0377	0.6	43	2	0.50245	43
10	4	15	4	0.8	4.6664	13	1.8	2.6173	0.6	29	2	0.4631	29
10	4	16	4	0.8	5.5391	13	3	0.92274	0.6	49	2	0.7903	0
10	4	17	4	0.8	5.6025	13	2.6	0.71536	0.6	43	2	0.46967	43
10	4	18	4	0.8	2.489	13	1.4	5.0152	0.6	23	2	0.39821	23
10	4	19	4	0.8	2.1679	13	1	4.0079	0.6	16	2	0.2931	16
10	4	20	4	0.8	3.4733	13	1.8	1.8115	0.6	29	2	0.37235	29
10	4	21	4	0.8	2.1697	13	1	3.8664	0.6	16	2	0.37517	16
10	4	22	4	0.8	1.8805	13	1.4	4.0591	0.6	23	2	0.47868	23
10	4	23	4	0.8	0.80778	13	1.4	2.5624	0.6	23	2	0.38219	23
10	4	24	4	0.8	5.4166	13	1.8	3.1891	0.6	29	2	0.4511	29
10	4	25	4	0.8	2.2916	13	3	4.5378	0.6	49	1	0.75835	0
10	4	26	4	0.8	5.2177	13	2.2	0.65125	0.6	36	1	0.44734	13
10	4	27	4	0.8	0.97697	13	3	5.2849	0.6	49	2	0.5171	49
10	4	28	4	0.8	4.6301	13	1.4	2.0712	0.6	23	2	0.43655	23
10	4	29	4	0.8	3.8621	13	3	0.8468	0.6	49	2	0.46136	49
10	4	30	4	0.8	1.8546	13	1	4.7754	0.6	16	2	0.38831	16
10	4	31	4	0.8	3.2855	13	1.4	0.51456	0.6	23	2	0.39847	23
10	4	32	4	0.8	1.1749	13	1.8	4.456	0.6	29	2	0.50284	29
10	4	33	4	0.8	4.9239	13	1	2.4793	0.6	16	2	0.31083	16
10	4	34	4	0.8	0.78024	13	2.6	5.566	0.6	43	2	0.52647	43
10	4	35	4	0.8	1.335	13	2.6	5.1356	0.6	43	2	0.4879	43
10	4	36	4	0.8	2.8206	13	2.6	0.65989	0.6	43	2	0.55882	43
];

