% risk_exp2_subject_14

d1 = [14	1	1	1	0.8	3.1726	8	1	0.91148	0.9	11	2	0.74201	11
14	1	2	1	0.8	1.2018	8	1	3.3712	0.9	11	2	0.66769	11
14	1	3	1	0.8	2.4741	8	3	5.3427	0.9	33	2	0.98193	0
14	1	4	1	0.8	0.52936	8	2.2	2.5347	0.9	24	2	0.71774	24
14	1	5	1	0.8	3.2534	8	1.8	1.2417	0.9	20	2	0.68681	20
14	1	6	1	0.8	5.363	8	3	3.2571	0.9	33	2	0.86165	33
14	1	7	1	0.8	0.57276	8	1.8	5.5565	0.9	20	2	0.63014	20
14	1	8	1	0.8	1.755	8	2.6	4.9007	0.9	28	2	0.71683	28
14	1	9	1	0.8	0.65825	8	1	3.3155	0.9	11	2	0.58033	11
14	1	10	1	0.8	5.6595	8	2.2	1.7993	0.9	24	2	0.89246	24
14	1	11	1	0.8	1.0187	8	1.4	5.823	0.9	15	2	0.57458	15
14	1	12	1	0.8	1.5007	8	2.6	5.5514	0.9	28	2	0.75077	28
14	1	13	1	0.8	5.776	8	1.4	1.351	0.9	15	2	0.59888	15
14	1	14	1	0.8	0.89854	8	2.2	2.5068	0.9	24	2	0.626	24
14	1	15	1	0.8	1.408	8	2.6	3.6722	0.9	28	2	1.0301	0
14	1	16	1	0.8	4.9864	8	2.6	0.72329	0.9	28	2	0.79772	28
14	1	17	1	0.8	2.3339	8	1.8	4.0787	0.9	20	2	0.63043	20
14	1	18	1	0.8	0.6581	8	1.8	5.1593	0.9	20	2	0.59603	20
14	1	19	1	0.8	2.8699	8	2.6	5.7124	0.9	28	2	0.60508	28
14	1	20	1	0.8	5.2734	8	3	1.2685	0.9	33	2	0.60996	33
14	1	21	1	0.8	4.387	8	1.8	2.7982	0.9	20	2	0.62329	20
14	1	22	1	0.8	4.746	8	1.4	2.6849	0.9	15	2	0.53493	15
14	1	23	1	0.8	2.3679	8	2.6	4.9706	0.9	28	2	0.59028	28
14	1	24	1	0.8	1.0107	8	1.4	5.708	0.9	15	2	0.67872	15
14	1	25	1	0.8	2.3926	8	1	5.4858	0.9	11	2	0.50983	11
14	1	26	1	0.8	4.2801	8	3	1.4792	0.9	33	2	0.67849	33
14	1	27	1	0.8	1.4969	8	1	5.6897	0.9	11	2	0.49403	11
14	1	28	1	0.8	1.2254	8	2.2	5.3099	0.9	24	2	0.61887	24
14	1	29	1	0.8	2.6341	8	1.4	5.1645	0.9	15	2	0.42959	15
14	1	30	1	0.8	5.4376	8	1.4	1.1206	0.9	15	2	0.51767	15
14	1	31	1	0.8	3.4118	8	3	5.4369	0.9	33	2	0.67159	33
14	1	32	1	0.8	4.5631	8	2.2	0.4396	0.9	24	2	0.66216	24
14	1	33	1	0.8	3.275	8	1	4.8919	0.9	11	2	0.39755	11
14	1	34	1	0.8	1.912	8	3	5.2947	0.9	33	2	0.60771	33
14	1	35	1	0.8	3.5488	8	1.8	1.4122	0.9	20	2	0.5255	20
14	1	36	1	0.8	4.5823	8	2.2	0.85635	0.9	24	2	0.64635	24
];

d2 = [14	2	1	2	0.8	2.1417	10	1	4.3017	0.8	12	1	0.47996	10
14	2	2	2	0.8	1.8963	10	1	5.5201	0.8	12	1	0.36881	10
14	2	3	2	0.8	3.2587	10	3	0.49865	0.8	37	2	0.60469	37
14	2	4	2	0.8	5.7941	10	2.2	1.8133	0.8	27	2	0.63787	27
14	2	5	2	0.8	2.8805	10	1.8	5.5412	0.8	22	2	0.50158	22
14	2	6	2	0.8	1.2259	10	3	3.2586	0.8	37	2	0.77364	37
14	2	7	2	0.8	0.40744	10	1.8	4.3458	0.8	22	2	0.4686	22
14	2	8	2	0.8	2.2383	10	2.6	4.0481	0.8	32	2	0.55724	32
14	2	9	2	0.8	0.89183	10	1	3.6239	0.8	12	2	0.84471	0
14	2	10	2	0.8	4.0122	10	2.2	0.88673	0.8	27	2	0.54969	27
14	2	11	2	0.8	2.6763	10	1.4	0.39441	0.8	17	2	0.66318	17
14	2	12	2	0.8	0.54909	10	2.6	2.4389	0.8	32	2	0.59022	32
14	2	13	2	0.8	4.6086	10	1.4	0.6253	0.8	17	2	0.57487	17
14	2	14	2	0.8	0.51154	10	2.2	4.2902	0.8	27	2	0.47073	27
14	2	15	2	0.8	0.95829	10	2.6	4.6736	0.8	32	2	1.8137	0
14	2	16	2	0.8	1.8173	10	2.6	3.5551	0.8	32	2	0.8536	0
14	2	17	2	0.8	5.1405	10	1.8	0.65052	0.8	22	1	0.48541	10
14	2	18	2	0.8	5.6162	10	1.8	1.1337	0.8	22	2	0.53096	22
14	2	19	2	0.8	2.6724	10	2.6	4.4791	0.8	32	2	0.71101	32
14	2	20	2	0.8	5.2265	10	3	2.4658	0.8	37	2	0.64974	37
14	2	21	2	0.8	3.2569	10	1.8	5.6785	0.8	22	2	0.8793	0
14	2	22	2	0.8	4.6522	10	1.4	0.46423	0.8	17	2	0.53486	17
14	2	23	2	0.8	5.8577	10	2.6	1.7647	0.8	32	2	0.58222	32
14	2	24	2	0.8	0.77472	10	1.4	3.2222	0.8	17	2	0.5577	17
14	2	25	2	0.8	4.0791	10	1	1.7603	0.8	12	2	0.39803	12
14	2	26	2	0.8	4.8395	10	3	2.6497	0.8	37	2	0.61444	37
14	2	27	2	0.8	5.8523	10	1	2.3183	0.8	12	2	0.58915	12
14	2	28	2	0.8	1.7909	10	2.2	4.5194	0.8	27	2	0.58113	27
14	2	29	2	0.8	5.659	10	1.4	1.5864	0.8	17	2	0.46966	17
14	2	30	2	0.8	1.727	10	1.4	4.989	0.8	17	2	0.47721	17
14	2	31	2	0.8	4.6669	10	3	2.364	0.8	37	2	1.1343	0
14	2	32	2	0.8	2.2676	10	2.2	5.5145	0.8	27	2	0.56696	27
14	2	33	2	0.8	4.6126	10	1	1.4221	0.8	12	2	0.60607	12
14	2	34	2	0.8	2.0235	10	3	4.0595	0.8	37	2	1.0541	0
14	2	35	2	0.8	1.5679	10	1.8	4.1538	0.8	22	2	0.5653	22
14	2	36	2	0.8	4.3017	10	2.2	2.5593	0.8	27	2	0.50149	27
];

d3 = [14	3	1	3	0.8	4.2579	11	1	0.86222	0.7	14	2	0.54228	14
14	3	2	3	0.8	4.2736	11	1	0.56876	0.7	14	2	0.51845	14
14	3	3	3	0.8	5.0197	11	3	0.9331	0.7	42	2	0.63742	42
14	3	4	3	0.8	4.9999	11	2.2	0.4167	0.7	31	2	0.70242	0
14	3	5	3	0.8	0.72	11	1.8	2.8274	0.7	25	2	0.53471	25
14	3	6	3	0.8	3.3521	11	3	0.79762	0.7	42	1	0.60621	11
14	3	7	3	0.8	2.5765	11	1.8	4.6559	0.7	25	2	0.50111	25
14	3	8	3	0.8	1.501	11	2.6	5.2859	0.7	37	2	0.47017	37
14	3	9	3	0.8	1.6284	11	1	3.3354	0.7	14	2	0.40441	14
14	3	10	3	0.8	2.621	11	2.2	4.6805	0.7	31	2	0.50956	31
14	3	11	3	0.8	3.7119	11	1.4	5.864	0.7	19	2	0.55084	19
14	3	12	3	0.8	3.2107	11	2.6	0.79888	0.7	37	2	0.60593	37
14	3	13	3	0.8	5.3756	11	1.4	1.7598	0.7	19	2	0.42724	19
14	3	14	3	0.8	4.1198	11	2.2	1.1602	0.7	31	2	0.62148	31
14	3	15	3	0.8	4.8954	11	2.6	1.0774	0.7	37	2	0.69535	37
14	3	16	3	0.8	2.9841	11	2.6	5.1983	0.7	37	2	0.94172	0
14	3	17	3	0.8	3.464	11	1.8	1.22	0.7	25	2	0.61373	25
14	3	18	3	0.8	4.545	11	1.8	1.3319	0.7	25	2	0.64531	25
14	3	19	3	0.8	4.0518	11	2.6	1.2329	0.7	37	2	0.61734	37
14	3	20	3	0.8	3.7583	11	3	5.5018	0.7	42	2	0.69266	42
14	3	21	3	0.8	2.3818	11	1.8	4.0597	0.7	25	2	0.57469	25
14	3	22	3	0.8	3.5727	11	1.4	5.3002	0.7	19	2	0.47046	19
14	3	23	3	0.8	4.6522	11	2.6	0.46423	0.7	37	2	0.62281	37
14	3	24	3	0.8	3.8021	11	1.4	1.6219	0.7	19	2	0.40674	19
14	3	25	3	0.8	0.97333	11	1	2.9951	0.7	14	2	0.46188	14
14	3	26	3	0.8	4.7127	11	3	2.5939	0.7	42	2	0.66186	42
14	3	27	3	0.8	0.85124	11	1	3.192	0.7	14	2	0.41302	14
14	3	28	3	0.8	2.7967	11	2.2	4.6457	0.7	31	2	0.58922	31
14	3	29	3	0.8	2.7	11	1.4	5.222	0.7	19	2	0.59	19
14	3	30	3	0.8	5.4574	11	1.4	2.3774	0.7	19	2	0.51036	19
14	3	31	3	0.8	0.84589	11	3	4.7642	0.7	42	2	0.62322	42
14	3	32	3	0.8	1.3966	11	2.2	4.1406	0.7	31	2	1.1013	0
14	3	33	3	0.8	4.5477	11	1	0.4624	0.7	14	2	0.5908	14
14	3	34	3	0.8	2.029	11	3	4.9261	0.7	42	2	0.64606	42
14	3	35	3	0.8	2.4411	11	1.8	0.42665	0.7	25	2	0.59763	25
14	3	36	3	0.8	1.9345	11	2.2	3.8409	0.7	31	2	0.58962	31
];

d4 = [14	4	1	4	0.8	3.2083	13	1	5.0593	0.6	16	2	0.61504	0
14	4	2	4	0.8	3.8845	13	1	1.3507	0.6	16	2	0.28712	16
14	4	3	4	0.8	0.72329	13	3	5.171	0.6	49	1	0.62321	0
14	4	4	4	0.8	0.80993	13	2.2	4.0079	0.6	36	2	0.53377	36
14	4	5	4	0.8	1.7266	13	1.8	5.7889	0.6	29	2	0.47041	29
14	4	6	4	0.8	0.46764	13	3	3.4286	0.6	49	2	0.65418	0
14	4	7	4	0.8	4.0253	13	1.8	1.8923	0.6	29	2	0.48464	29
14	4	8	4	0.8	2.5871	13	2.6	4.5509	0.6	43	2	0.59721	43
14	4	9	4	0.8	4.3792	13	1	2.4161	0.6	16	2	0.38957	16
14	4	10	4	0.8	1.5523	13	2.2	4.9177	0.6	36	2	0.48546	36
14	4	11	4	0.8	3.9825	13	1.4	2.1975	0.6	23	2	0.44639	23
14	4	12	4	0.8	1.7294	13	2.6	5.3873	0.6	43	2	0.6222	0
14	4	13	4	0.8	3.6498	13	1.4	1.3702	0.6	23	2	0.46999	23
14	4	14	4	0.8	3.3454	13	2.2	5.6557	0.6	36	2	0.5818	36
14	4	15	4	0.8	1.286	13	2.6	3.5257	0.6	43	2	0.48614	43
14	4	16	4	0.8	0.60188	13	2.6	4.1198	0.6	43	2	0.49409	43
14	4	17	4	0.8	5.8034	13	1.8	0.74813	0.6	29	2	0.43843	29
14	4	18	4	0.8	3.8636	13	1.8	0.79382	0.6	29	2	0.4147	29
14	4	19	4	0.8	1.1981	13	2.6	4.1152	0.6	43	2	0.55706	43
14	4	20	4	0.8	3.8419	13	3	2.0148	0.6	49	2	0.5417	49
14	4	21	4	0.8	5.3975	13	1.8	1.4762	0.6	29	2	0.47841	29
14	4	22	4	0.8	0.4694	13	1.4	5.2363	0.6	23	2	0.37426	23
14	4	23	4	0.8	0.45036	13	2.6	5.2183	0.6	43	2	0.40629	43
14	4	24	4	0.8	5.6115	13	1.4	2.0497	0.6	23	2	0.38668	23
14	4	25	4	0.8	4.3055	13	1	2.1958	0.6	16	2	0.58945	16
14	4	26	4	0.8	2.4911	13	3	5.3685	0.6	49	2	0.59838	49
14	4	27	4	0.8	1.2547	13	1	5.086	0.6	16	2	0.31671	16
14	4	28	4	0.8	4.6984	13	2.2	1.6046	0.6	36	2	0.54123	36
14	4	29	4	0.8	2.0097	13	1.4	5.0572	0.6	23	2	0.39763	23
14	4	30	4	0.8	2.1605	13	1.4	5.5437	0.6	23	2	0.54022	23
14	4	31	4	0.8	3.0838	13	3	0.508	0.6	49	2	0.66272	0
14	4	32	4	0.8	4.7912	13	2.2	2.623	0.6	36	2	0.47016	36
14	4	33	4	0.8	2.353	13	1	5.6845	0.6	16	2	0.37589	16
14	4	34	4	0.8	3.25	13	3	5.4206	0.6	49	2	0.65348	0
14	4	35	4	0.8	2.5494	13	1.8	4.4763	0.6	29	2	0.5345	29
14	4	36	4	0.8	2.3791	13	2.2	5.4555	0.6	36	2	0.50921	36
];

