% risk_exp2_subject_20

d1 = [20	1	1	1	0.8	5.7778	8	2.2	3.0248	0.9	24	2	0.77973	24
20	1	2	1	0.8	3.1042	8	3	5.3515	0.9	33	2	0.80637	33
20	1	3	1	0.8	1.464	8	2.2	4.5213	0.9	24	2	0.61482	24
20	1	4	1	0.8	2.6763	8	1.4	5.0081	0.9	15	2	0.59797	15
20	1	5	1	0.8	5.1369	8	2.6	2.1384	0.9	28	2	0.64547	28
20	1	6	1	0.8	0.98504	8	1.8	3.1119	0.9	20	2	0.61367	20
20	1	7	1	0.8	1.8037	8	1.4	3.5174	0.9	15	2	0.54879	15
20	1	8	1	0.8	1.7196	8	2.6	4.9617	0.9	28	2	0.58059	28
20	1	9	1	0.8	5.5579	8	2.6	2.966	0.9	28	2	0.82221	28
20	1	10	1	0.8	0.68109	8	3	3.9877	0.9	33	2	0.78192	33
20	1	11	1	0.8	3.2977	8	3	1.701	0.9	33	2	0.62308	33
20	1	12	1	0.8	3.4408	8	1	1.3835	0.9	11	2	0.38307	11
20	1	13	1	0.8	0.76957	8	1.4	2.4754	0.9	15	2	0.47815	15
20	1	14	1	0.8	4.7902	8	1.8	2.9357	0.9	20	2	0.53412	20
20	1	15	1	0.8	2.5723	8	1	5.3911	0.9	11	2	0.48635	11
20	1	16	1	0.8	4.5241	8	1.8	2.5422	0.9	20	2	0.51802	20
20	1	17	1	0.8	3.1621	8	1.4	5.6096	0.9	15	2	0.53193	15
20	1	18	1	0.8	3.8487	8	1.4	1.6959	0.9	15	2	0.40536	15
20	1	19	1	0.8	4.0354	8	2.2	2.015	0.9	24	2	0.52808	24
20	1	20	1	0.8	5.2076	8	3	2.424	0.9	33	2	0.54865	33
20	1	21	1	0.8	1.3036	8	3	3.2274	0.9	33	2	0.9592	0
20	1	22	1	0.8	3.5998	8	2.2	1.479	0.9	24	2	0.56617	24
20	1	23	1	0.8	4.5769	8	1.8	2.7395	0.9	20	2	0.53424	20
20	1	24	1	0.8	3.148	8	1.4	0.9291	0.9	15	2	0.54183	15
20	1	25	1	0.8	2.3865	8	1.8	5.8407	0.9	20	2	0.80596	20
20	1	26	1	0.8	1.0903	8	2.2	3.9393	0.9	24	2	0.5826	24
20	1	27	1	0.8	3.9483	8	2.6	1.1691	0.9	28	2	0.72649	28
20	1	28	1	0.8	1.1957	8	1	3.6271	0.9	11	2	0.51468	11
20	1	29	1	0.8	4.0397	8	1.8	5.6772	0.9	20	2	0.62075	20
20	1	30	1	0.8	2.4664	8	2.6	4.2445	0.9	28	2	0.60521	28
20	1	31	1	0.8	5.0714	8	1	1.4883	0.9	11	2	0.5185	11
20	1	32	1	0.8	5.4298	8	2.6	0.57495	0.9	28	2	0.65334	28
20	1	33	1	0.8	1.1867	8	2.2	4.4307	0.9	24	2	0.53376	24
20	1	34	1	0.8	2.5192	8	1	4.2591	0.9	11	2	0.44607	11
20	1	35	1	0.8	3.59	8	1	1.5261	0.9	11	2	0.47758	11
20	1	36	1	0.8	5.2529	8	3	1.8892	0.9	33	2	0.56509	33
];

d2 = [20	2	1	2	0.8	4.1395	10	2.2	2.2124	0.8	27	2	0.48022	27
20	2	2	2	0.8	2.4203	10	3	5.0434	0.8	37	2	0.64627	37
20	2	3	2	0.8	2.8324	10	2.2	5.0516	0.8	27	2	0.5897	27
20	2	4	2	0.8	1.7998	10	1.4	5.1743	0.8	17	2	0.48602	17
20	2	5	2	0.8	4.8421	10	2.6	0.52623	0.8	32	2	0.55774	32
20	2	6	2	0.8	4.5537	10	1.8	1.9453	0.8	22	2	0.51843	22
20	2	7	2	0.8	3.1593	10	1.4	5.2217	0.8	17	2	0.55049	17
20	2	8	2	0.8	5.8084	10	2.6	2.5612	0.8	32	2	0.58129	32
20	2	9	2	0.8	1.043	10	2.6	4.4521	0.8	32	2	0.52521	32
20	2	10	2	0.8	3.3185	10	3	5.2182	0.8	37	2	0.6851	37
20	2	11	2	0.8	3.0192	10	3	5.842	0.8	37	2	0.55052	37
20	2	12	2	0.8	1.8024	10	1	5.3638	0.8	12	2	0.47826	12
20	2	13	2	0.8	1.6177	10	1.4	5.4716	0.8	17	2	0.46206	17
20	2	14	2	0.8	4.1046	10	1.8	1.8414	0.8	22	2	0.51066	22
20	2	15	2	0.8	4.8892	10	1	2.7339	0.8	12	2	0.41388	12
20	2	16	2	0.8	2.6579	10	1.8	4.456	0.8	22	2	0.54945	22
20	2	17	2	0.8	4.7365	10	1.4	1.1775	0.8	17	2	0.38152	17
20	2	18	2	0.8	5.5704	10	1.4	0.42204	0.8	17	2	0.46105	17
20	2	19	2	0.8	5.7377	10	2.2	0.92874	0.8	27	2	0.51698	27
20	2	20	2	0.8	3.8853	10	3	1.941	0.8	37	2	0.50866	37
20	2	21	2	0.8	1.5081	10	3	4.1258	0.8	37	2	0.49435	37
20	2	22	2	0.8	3.1772	10	2.2	0.67866	0.8	27	2	0.53493	27
20	2	23	2	0.8	2.1352	10	1.8	3.9875	0.8	22	2	0.5103	22
20	2	24	2	0.8	4.6913	10	1.4	1.8352	0.8	17	2	0.45502	17
20	2	25	2	0.8	5.5002	10	1.8	2.8414	0.8	22	2	0.5578	22
20	2	26	2	0.8	5.3513	10	2.2	2.9715	0.8	27	2	0.54242	27
20	2	27	2	0.8	3.9866	10	2.6	1.6589	0.8	32	2	0.57411	32
20	2	28	2	0.8	4.4161	10	1	0.53766	0.8	12	2	0.48565	12
20	2	29	2	0.8	4.1168	10	1.8	0.50143	0.8	22	2	0.51833	22
20	2	30	2	0.8	1.0384	10	2.6	3.8041	0.8	32	2	0.48478	32
20	2	31	2	0.8	2.2755	10	1	5.4898	0.8	12	2	0.47052	12
20	2	32	2	0.8	1.1156	10	2.6	5.8175	0.8	32	2	0.54355	32
20	2	33	2	0.8	3.0657	10	2.2	5.6037	0.8	27	2	0.77403	27
20	2	34	2	0.8	5.6963	10	1	1.9786	0.8	12	2	0.42194	12
20	2	35	2	0.8	3.0693	10	1	1.1998	0.8	12	2	0.38299	12
20	2	36	2	0.8	0.62208	10	3	2.5063	0.8	37	2	0.52587	37
];

d3 = [20	3	1	3	0.8	5.2208	11	2.2	0.80037	0.7	31	2	0.45408	31
20	3	2	3	0.8	3.0764	11	3	5.5039	0.7	42	2	0.77291	0
20	3	3	3	0.8	2.7587	11	2.2	0.4166	0.7	31	2	0.54214	31
20	3	4	3	0.8	2.6165	11	1.4	5.4582	0.7	19	2	0.47869	19
20	3	5	3	0.8	5.4338	11	2.6	1.7298	0.7	37	2	0.43773	37
20	3	6	3	0.8	2.1439	11	1.8	5.6892	0.7	25	2	0.49394	25
20	3	7	3	0.8	3.0026	11	1.4	5.8084	0.7	19	2	0.50206	19
20	3	8	3	0.8	5.336	11	2.6	3.559	0.7	37	2	0.54121	37
20	3	9	3	0.8	5.0684	11	2.6	2.7317	0.7	37	2	0.58131	37
20	3	10	3	0.8	5.7188	11	3	3.6193	0.7	42	2	0.85328	0
20	3	11	3	0.8	1.5874	11	3	3.7291	0.7	42	2	0.51879	42
20	3	12	3	0.8	1.0439	11	1	3.9712	0.7	14	2	0.43035	14
20	3	13	3	0.8	0.6087	11	1.4	3.6719	0.7	19	2	0.422	19
20	3	14	3	0.8	2.0618	11	1.8	5.8845	0.7	25	2	0.50253	25
20	3	15	3	0.8	3.3685	11	1	0.81243	0.7	14	2	0.42186	14
20	3	16	3	0.8	3.9843	11	1.8	0.58097	0.7	25	2	0.51	25
20	3	17	3	0.8	3.6496	11	1.4	5.2957	0.7	19	2	0.51045	19
20	3	18	3	0.8	3.8658	11	1.4	0.84524	0.7	19	2	0.43088	19
20	3	19	3	0.8	2.3396	11	2.2	3.9978	0.7	31	2	0.47749	31
20	3	20	3	0.8	2.8418	11	3	4.9113	0.7	42	2	0.63703	42
20	3	21	3	0.8	2.4052	11	3	4.9133	0.7	42	2	0.66253	42
20	3	22	3	0.8	1.5056	11	2.2	5.3427	0.7	31	2	0.51887	31
20	3	23	3	0.8	3.4132	11	1.8	0.97333	0.7	25	2	0.46971	25
20	3	24	3	0.8	4.2139	11	1.4	2.5939	0.7	19	2	0.47906	19
20	3	25	3	0.8	3.192	11	1.8	4.828	0.7	25	2	0.46979	25
20	3	26	3	0.8	0.86383	11	2.2	5.1889	0.7	31	2	0.63763	31
20	3	27	3	0.8	3.802	11	2.6	5.6001	0.7	37	2	0.62165	37
20	3	28	3	0.8	1.2773	11	1	5.7383	0.7	14	2	0.46197	14
20	3	29	3	0.8	4.4131	11	1.8	2.5394	0.7	25	2	0.66231	25
20	3	30	3	0.8	4.4175	11	2.6	1.7993	0.7	37	2	0.49341	37
20	3	31	3	0.8	2.3791	11	1	5.4555	0.7	14	2	0.47076	14
20	3	32	3	0.8	4.0854	11	2.6	2.1648	0.7	37	2	0.55908	37
20	3	33	3	0.8	2.9487	11	2.2	1.1229	0.7	31	2	0.46137	31
20	3	34	3	0.8	5.6503	11	1	1.1233	0.7	14	2	0.31871	14
20	3	35	3	0.8	1.2737	11	1	4.7827	0.7	14	2	0.42954	14
20	3	36	3	0.8	4.4736	11	3	1.6597	0.7	42	2	0.42156	42
];

d4 = [20	4	1	4	0.8	4.6659	13	2.2	1.8645	0.6	36	2	0.47042	36
20	4	2	4	0.8	3.0743	13	3	5.5413	0.6	49	2	0.61503	0
20	4	3	4	0.8	3.0901	13	2.2	0.95268	0.6	36	2	0.52702	36
20	4	4	4	0.8	5.0964	13	1.4	3.3444	0.6	23	2	0.60657	0
20	4	5	4	0.8	0.70514	13	2.6	2.822	0.6	43	2	0.42329	43
20	4	6	4	0.8	4.2942	13	1.8	1.7879	0.6	29	2	0.44545	29
20	4	7	4	0.8	1.5226	13	1.4	4.6116	0.6	23	2	0.4453	23
20	4	8	4	0.8	0.60841	13	2.6	2.6803	0.6	43	2	1.0223	0
20	4	9	4	0.8	5.0176	13	2.6	2.5912	0.6	43	2	0.44495	43
20	4	10	4	0.8	0.52433	13	3	4.4989	0.6	49	2	0.55039	49
20	4	11	4	0.8	4.3481	13	3	0.44246	0.6	49	2	0.4865	49
20	4	12	4	0.8	1.961	13	1	4.9319	0.6	16	2	0.45373	16
20	4	13	4	0.8	5.8378	13	1.4	1.1238	0.6	23	2	0.45465	23
20	4	14	4	0.8	4.2432	13	1.8	2.6081	0.6	29	2	0.49468	29
20	4	15	4	0.8	0.90086	13	1	5.7349	0.6	16	2	0.43771	16
20	4	16	4	0.8	1.4923	13	1.8	5.8373	0.6	29	2	0.52553	29
20	4	17	4	0.8	5.4634	13	1.4	3.4914	0.6	23	2	0.43835	23
20	4	18	4	0.8	1.4198	13	1.4	3.8135	0.6	23	2	0.44526	23
20	4	19	4	0.8	2.353	13	2.2	0.76475	0.6	36	2	0.52487	36
20	4	20	4	0.8	5.0398	13	3	3.2855	0.6	49	2	0.51784	49
20	4	21	4	0.8	1.6047	13	3	3.7857	0.6	49	2	0.54309	49
20	4	22	4	0.8	2.0534	13	2.2	4.0678	0.6	36	2	0.5032	36
20	4	23	4	0.8	3.5994	13	1.8	5.2957	0.6	29	2	0.46975	29
20	4	24	4	0.8	1.8114	13	1.4	5.8218	0.6	23	2	0.48615	23
20	4	25	4	0.8	5.3797	13	1.8	1.8001	0.6	29	2	0.4223	29
20	4	26	4	0.8	2.8102	13	2.2	5.1295	0.6	36	2	0.47763	36
20	4	27	4	0.8	0.90994	13	2.6	4.9561	0.6	43	2	0.48608	43
20	4	28	4	0.8	0.45748	13	1	4.8039	0.6	16	2	0.49323	16
20	4	29	4	0.8	5.1175	13	1.8	2.0632	0.6	29	2	0.50923	29
20	4	30	4	0.8	5.6034	13	2.6	3.8726	0.6	43	2	0.48526	43
20	4	31	4	0.8	0.53428	13	1	3.2222	0.6	16	2	0.3836	16
20	4	32	4	0.8	2.4877	13	2.6	4.0918	0.6	43	2	0.57427	43
20	4	33	4	0.8	2.8115	13	2.2	0.40971	0.6	36	2	0.49499	36
20	4	34	4	0.8	3.0817	13	1	0.95343	0.6	16	2	0.40606	16
20	4	35	4	0.8	4.7827	13	1	0.81587	0.6	16	2	0.36529	16
20	4	36	4	0.8	5.5578	13	3	2.5118	0.6	49	2	0.4544	49
];

