% risk_exp2_subject_25

d1 = [25	1	1	1	0.8	1.4894	8	2.2	5.5667	0.9	24	2	0.86056	24
25	1	2	1	0.8	0.67634	8	3	3.4233	0.9	33	2	1.0222	0
25	1	3	1	0.8	3.8383	8	3	0.54946	0.9	33	1	0.46549	8
25	1	4	1	0.8	0.71774	8	3	5.7675	0.9	33	2	0.67776	33
25	1	5	1	0.8	4.1694	8	1.4	1.7954	0.9	15	2	0.46337	15
25	1	6	1	0.8	3.8291	8	2.6	5.4494	0.9	28	2	0.76556	28
25	1	7	1	0.8	4.4157	8	1	2.6252	0.9	11	2	0.51729	11
25	1	8	1	0.8	1.4727	8	3	4.4329	0.9	33	1	0.36562	8
25	1	9	1	0.8	1.1162	8	1	3.5997	0.9	11	2	0.50918	11
25	1	10	1	0.8	3.5369	8	1.4	1.4511	0.9	15	2	0.39598	15
25	1	11	1	0.8	1.1942	8	2.2	4.2555	0.9	24	2	0.71864	24
25	1	12	1	0.8	5.1084	8	2.6	2.6187	0.9	28	2	0.77523	28
25	1	13	1	0.8	5.0336	8	1	2.8992	0.9	11	2	0.5102	11
25	1	14	1	0.8	3.9483	8	1	1.1691	0.9	11	2	0.38259	11
25	1	15	1	0.8	3.4699	8	1.4	0.90125	0.9	15	2	0.55791	15
25	1	16	1	0.8	0.90013	8	2.2	3.4765	0.9	24	2	0.58208	24
25	1	17	1	0.8	5.684	8	1	3.3969	0.9	11	2	0.54984	11
25	1	18	1	0.8	4.2683	8	1.8	1.0468	0.9	20	2	0.54207	20
25	1	19	1	0.8	4.8173	8	3	1.3955	0.9	33	2	0.57253	33
25	1	20	1	0.8	5.474	8	2.6	0.4377	0.9	28	2	1.174	0
25	1	21	1	0.8	0.488	8	1	2.9959	0.9	11	2	0.35854	11
25	1	22	1	0.8	1.8126	8	1.4	5.5928	0.9	15	2	0.45515	15
25	1	23	1	0.8	0.92716	8	1.8	3.0734	0.9	20	2	0.55002	20
25	1	24	1	0.8	3.8041	8	1.4	0.64516	0.9	15	2	0.70989	15
25	1	25	1	0.8	0.56236	8	1.8	2.938	0.9	20	2	0.60555	20
25	1	26	1	0.8	3.8035	8	2.6	1.7184	0.9	28	2	0.46953	28
25	1	27	1	0.8	3.1557	8	2.2	5.3691	0.9	24	2	0.73425	24
25	1	28	1	0.8	3.3636	8	1.8	1.468	0.9	20	2	0.62953	20
25	1	29	1	0.8	0.62208	8	2.2	2.5063	0.9	24	2	0.54921	24
25	1	30	1	0.8	4.3241	8	1.8	0.5229	0.9	20	2	0.59699	20
25	1	31	1	0.8	1.3811	8	2.6	4.9055	0.9	28	2	0.65431	28
25	1	32	1	0.8	3.3134	8	2.6	4.9948	0.9	28	2	0.55087	28
25	1	33	1	0.8	5.4539	8	3	3.6591	0.9	33	2	0.60627	33
25	1	34	1	0.8	3.3581	8	1.8	5.3794	0.9	20	2	0.46113	20
25	1	35	1	0.8	0.77773	8	2.2	3.043	0.9	24	2	0.55754	24
25	1	36	1	0.8	0.86077	8	1.4	3.1593	0.9	15	2	0.51796	15
];

d2 = [25	2	1	2	0.8	3.6584	10	2.2	1.0497	0.8	27	2	0.65494	27
25	2	2	2	0.8	3.3585	10	3	5.0363	0.8	37	2	0.53439	37
25	2	3	2	0.8	2.3245	10	3	4.3196	0.8	37	2	0.95812	0
25	2	4	2	0.8	2.3497	10	3	4.2981	0.8	37	2	0.5819	37
25	2	5	2	0.8	4.6999	10	1.4	2.0619	0.8	17	2	0.3497	17
25	2	6	2	0.8	4.2232	10	2.6	1.0101	0.8	32	2	0.61345	32
25	2	7	2	0.8	1.3057	10	1	4.9698	0.8	12	2	0.32532	12
25	2	8	2	0.8	4.8894	10	3	0.57492	0.8	37	2	0.6702	37
25	2	9	2	0.8	3.0489	10	1	5.6452	0.8	12	2	0.62189	12
25	2	10	2	0.8	4.5096	10	1.4	1.0464	0.8	17	2	0.53405	17
25	2	11	2	0.8	2.0996	10	2.2	5.2412	0.8	27	2	0.58233	27
25	2	12	2	0.8	1.2855	10	2.6	5.111	0.8	32	2	0.77602	32
25	2	13	2	0.8	4.075	10	1	5.8268	0.8	12	2	0.5739	12
25	2	14	2	0.8	3.4071	10	1	0.67728	0.8	12	2	0.43791	12
25	2	15	2	0.8	2.1294	10	1.4	0.50905	0.8	17	2	0.54227	17
25	2	16	2	0.8	3.3999	10	2.2	5.5972	0.8	27	2	0.78168	27
25	2	17	2	0.8	0.55258	10	1	2.8711	0.8	12	2	0.50146	12
25	2	18	2	0.8	2.0553	10	1.8	4.1839	0.8	22	2	0.4949	22
25	2	19	2	0.8	3.1124	10	3	5.1763	0.8	37	2	0.88532	0
25	2	20	2	0.8	4.0454	10	2.6	1.9725	0.8	32	2	0.57398	32
25	2	21	2	0.8	5.842	10	1	2.4495	0.8	12	2	0.87163	0
25	2	22	2	0.8	3.7442	10	1.4	1.0238	0.8	17	2	0.65495	17
25	2	23	2	0.8	0.57812	10	1.8	5.6248	0.8	22	2	0.51803	22
25	2	24	2	0.8	2.6822	10	1.4	4.5987	0.8	17	2	0.55353	17
25	2	25	2	0.8	4.9438	10	1.8	1.2148	0.8	22	2	0.55061	22
25	2	26	2	0.8	5.8472	10	2.6	1.6109	0.8	32	2	0.85378	0
25	2	27	2	0.8	5.2957	10	2.2	0.74067	0.8	27	2	0.50205	27
25	2	28	2	0.8	1.171	10	1.8	2.7719	0.8	22	2	0.49298	22
25	2	29	2	0.8	5.117	10	2.2	1.9145	0.8	27	2	0.58078	27
25	2	30	2	0.8	4.5168	10	1.8	0.54091	0.8	22	2	0.66173	22
25	2	31	2	0.8	5.1562	10	2.6	1.2766	0.8	32	2	0.66259	32
25	2	32	2	0.8	4.922	10	2.6	0.95224	0.8	32	2	0.55092	32
25	2	33	2	0.8	5.2352	10	3	0.71977	0.8	37	2	0.59851	37
25	2	34	2	0.8	2.1459	10	1.8	5.57	0.8	22	2	0.64476	22
25	2	35	2	0.8	1.2806	10	2.2	3.7724	0.8	27	2	0.49471	27
25	2	36	2	0.8	2.1771	10	1.4	3.9717	0.8	17	2	0.35864	17
];

d3 = [25	3	1	3	0.8	2.4219	11	2.2	4.0868	0.7	31	2	0.55838	31
25	3	2	3	0.8	2.3926	11	3	0.43201	0.7	42	2	0.61505	42
25	3	3	3	0.8	5.3978	11	3	1.3095	0.7	42	2	0.91043	0
25	3	4	3	0.8	0.90131	11	3	5.5892	0.7	42	2	0.56592	42
25	3	5	3	0.8	4.1798	11	1.4	5.8485	0.7	19	2	0.36719	19
25	3	6	3	0.8	5.1009	11	2.6	2.0528	0.7	37	2	0.6299	37
25	3	7	3	0.8	1.659	11	1	5.7291	0.7	14	2	0.35812	14
25	3	8	3	0.8	5.6407	11	3	1.0825	0.7	42	2	0.40603	42
25	3	9	3	0.8	2.8498	11	1	5.6018	0.7	14	2	0.33305	14
25	3	10	3	0.8	1.2513	11	1.4	4.2445	0.7	19	2	0.39711	19
25	3	11	3	0.8	3.5447	11	2.2	5.2412	0.7	31	2	0.47134	31
25	3	12	3	0.8	3.0448	11	2.6	4.8048	0.7	37	2	0.71069	0
25	3	13	3	0.8	4.145	11	1	2.2752	0.7	14	2	0.54993	14
25	3	14	3	0.8	4.6852	11	1	1.2995	0.7	14	2	0.58904	14
25	3	15	3	0.8	3.5905	11	1.4	5.3428	0.7	19	2	0.40555	19
25	3	16	3	0.8	4.8986	11	2.2	1.8951	0.7	31	2	0.39024	31
25	3	17	3	0.8	1.6045	11	1	4.3947	0.7	14	2	0.3816	14
25	3	18	3	0.8	1.6819	11	1.8	3.8399	0.7	25	2	0.45287	25
25	3	19	3	0.8	2.569	11	3	0.6058	0.7	42	2	0.47705	42
25	3	20	3	0.8	2.2259	11	2.6	0.52685	0.7	37	2	0.64558	37
25	3	21	3	0.8	2.0598	11	1	5.3691	0.7	14	2	0.65457	14
25	3	22	3	0.8	5.5953	11	1.4	2.7574	0.7	19	2	0.52625	19
25	3	23	3	0.8	3.2525	11	1.8	1.6164	0.7	25	1	0.63065	11
25	3	24	3	0.8	0.69388	11	1.4	4.6748	0.7	19	2	0.67864	19
25	3	25	3	0.8	2.1554	11	1.8	5.5955	0.7	25	2	0.58349	25
25	3	26	3	0.8	5.2393	11	2.6	1.3384	0.7	37	2	0.55765	37
25	3	27	3	0.8	3.2458	11	2.2	5.2427	0.7	31	2	0.54196	31
25	3	28	3	0.8	3.3966	11	1.8	0.4166	0.7	25	2	0.84407	0
25	3	29	3	0.8	4.9039	11	2.2	1.398	0.7	31	2	0.50097	31
25	3	30	3	0.8	1.6737	11	1.8	3.7573	0.7	25	2	0.41287	25
25	3	31	3	0.8	2.5358	11	2.6	5.0603	0.7	37	2	0.64651	37
25	3	32	3	0.8	4.7116	11	2.6	2.8587	0.7	37	2	0.57437	37
25	3	33	3	0.8	2.9065	11	3	0.84737	0.7	42	2	0.55802	42
25	3	34	3	0.8	2.498	11	1.8	4.8469	0.7	25	2	0.64608	25
25	3	35	3	0.8	2.7265	11	2.2	4.3258	0.7	31	2	0.85367	0
25	3	36	3	0.8	1.0372	11	1.4	4.4585	0.7	19	2	0.5416	19
];

d4 = [25	4	1	4	0.8	5.0466	13	2.2	3.3998	0.6	36	2	0.51039	36
25	4	2	4	0.8	3.5429	13	3	5.3699	0.6	49	2	0.5582	49
25	4	3	4	0.8	2.3497	13	3	4.2981	0.6	49	2	0.96606	0
25	4	4	4	0.8	3.0056	13	3	0.41493	0.6	49	2	0.60592	0
25	4	5	4	0.8	4.335	13	1.4	1.0903	0.6	23	1	0.51828	13
25	4	6	4	0.8	5.2776	13	2.6	2.4184	0.6	43	2	0.3908	43
25	4	7	4	0.8	1.3228	13	1	3.232	0.6	16	2	0.34255	16
25	4	8	4	0.8	2.8498	13	3	5.6018	0.6	49	2	0.5892	49
25	4	9	4	0.8	1.147	13	1	3.3092	0.6	16	2	0.27685	16
25	4	10	4	0.8	1.4992	13	1.4	4.2693	0.6	23	2	0.53924	23
25	4	11	4	0.8	2.7408	13	2.2	5.2727	0.6	36	2	0.50241	36
25	4	12	4	0.8	5.7539	13	2.6	1.4544	0.6	43	2	0.48663	43
25	4	13	4	0.8	3.8008	13	1	0.89529	0.6	16	2	0.46282	16
25	4	14	4	0.8	0.45414	13	1	3.0994	0.6	16	2	0.33407	16
25	4	15	4	0.8	3.317	13	1.4	1.0384	0.6	23	2	0.50169	23
25	4	16	4	0.8	4.3003	13	2.2	1.5331	0.6	36	2	0.59038	36
25	4	17	4	0.8	0.54762	13	1	2.7962	0.6	16	2	0.76581	0
25	4	18	4	0.8	2.1195	13	1.8	4.221	0.6	29	2	0.54916	29
25	4	19	4	0.8	5.799	13	3	0.5957	0.6	49	2	0.8131	0
25	4	20	4	0.8	1.4683	13	2.6	5.5019	0.6	43	2	0.62899	0
25	4	21	4	0.8	1.8687	13	1	4.9859	0.6	16	2	0.43118	16
25	4	22	4	0.8	3.56	13	1.4	5.778	0.6	23	2	0.56632	23
25	4	23	4	0.8	0.70484	13	1.8	4.4251	0.6	29	2	0.64562	0
25	4	24	4	0.8	5.6836	13	1.4	1.5134	0.6	23	1	0.39823	13
25	4	25	4	0.8	0.41467	13	1.8	4.1329	0.6	29	2	0.61391	0
25	4	26	4	0.8	0.56901	13	2.6	5.0305	0.6	43	2	0.63035	0
25	4	27	4	0.8	5.6457	13	2.2	1.5004	0.6	36	1	0.33427	13
25	4	28	4	0.8	3.5653	13	1.8	5.6892	0.6	29	2	0.42145	29
25	4	29	4	0.8	5.1942	13	2.2	1.2766	0.6	36	2	0.38986	36
25	4	30	4	0.8	3.9663	13	1.8	2.2151	0.6	29	2	0.52522	29
25	4	31	4	0.8	5.4667	13	2.6	0.71977	0.6	43	2	0.59056	43
25	4	32	4	0.8	2.6197	13	2.6	0.86067	0.6	43	2	0.46285	43
25	4	33	4	0.8	1.5507	13	3	4.6035	0.6	49	2	0.57462	49
25	4	34	4	0.8	3.59	13	1.8	0.61591	0.6	29	2	0.58175	29
25	4	35	4	0.8	4.738	13	2.2	2.8729	0.6	36	2	0.54996	36
25	4	36	4	0.8	4.0608	13	1.4	1.9933	0.6	23	2	0.63777	0
];

