% risk_exp2_subject_04

d1 = [3	1	1	1	0.8	2.445	8	1.8	5.4574	0.9	20	2	1.1274	0
3	1	2	1	0.8	0.47123	8	2.2	3.7152	0.9	24	2	0.75865	24
3	1	3	1	0.8	2.0246	8	1	5.7234	0.9	11	2	0.62318	11
3	1	4	1	0.8	3.9073	8	1.4	1.0232	0.9	15	2	0.64925	15
3	1	5	1	0.8	1.7294	8	2.2	5.8237	0.9	24	2	0.79011	24
3	1	6	1	0.8	3.7626	8	1	1.3749	0.9	11	2	0.56663	11
3	1	7	1	0.8	3.4084	8	1.4	1.3328	0.9	15	2	0.75237	15
3	1	8	1	0.8	0.53765	8	1	2.4758	0.9	11	2	0.53429	11
3	1	9	1	0.8	2.4697	8	3	4.8085	0.9	33	1	0.45493	8
3	1	10	1	0.8	2.3695	8	1	4.0454	0.9	11	2	0.58207	11
3	1	11	1	0.8	1.5893	8	2.6	5.8335	0.9	28	2	0.75117	28
3	1	12	1	0.8	4.2022	8	3	1.3692	0.9	33	2	0.79021	33
3	1	13	1	0.8	5.5123	8	1.4	0.742	0.9	15	2	0.61535	15
3	1	14	1	0.8	2.2098	8	1.4	5.512	0.9	15	2	0.64941	15
3	1	15	1	0.8	5.6115	8	1.4	2.0497	0.9	15	2	0.55042	15
3	1	16	1	0.8	5.6938	8	3	2.0589	0.9	33	2	0.69386	33
3	1	17	1	0.8	3.2676	8	2.6	5.7438	0.9	28	2	0.83744	28
3	1	18	1	0.8	2.3421	8	2.2	5.7609	0.9	24	2	0.50219	24
3	1	19	1	0.8	5.1143	8	3	1.7414	0.9	33	2	0.69325	33
3	1	20	1	0.8	0.83957	8	1.8	5.2293	0.9	20	2	0.63695	20
3	1	21	1	0.8	1.696	8	1.8	4.1777	0.9	20	2	0.81448	20
3	1	22	1	0.8	3.0673	8	2.2	0.48257	0.9	24	2	0.93481	0
3	1	23	1	0.8	5.0963	8	1.4	0.75394	0.9	15	2	0.53482	15
3	1	24	1	0.8	2.4226	8	2.2	4.0689	0.9	24	2	0.63778	24
3	1	25	1	0.8	1.5639	8	2.2	3.8806	0.9	24	2	0.60591	24
3	1	26	1	0.8	4.7035	8	3	3.03	0.9	33	2	0.90911	0
3	1	27	1	0.8	5.6357	8	1	3.4997	0.9	11	2	0.4052	11
3	1	28	1	0.8	1.3617	8	1.8	2.9574	0.9	20	2	0.63779	20
3	1	29	1	0.8	4.9133	8	2.6	1.5886	0.9	28	2	0.67629	28
3	1	30	1	0.8	3.4665	8	2.6	5.7169	0.9	28	2	0.70037	28
3	1	31	1	0.8	2.6521	8	2.6	5.4688	0.9	28	2	0.71921	28
3	1	32	1	0.8	5.8712	8	1.8	2.1735	0.9	20	2	0.65407	20
3	1	33	1	0.8	1.6693	8	1	3.6185	0.9	11	2	0.47823	11
3	1	34	1	0.8	2.4833	8	1.8	4.839	0.9	20	2	0.5598	20
3	1	35	1	0.8	4.38	8	3	2.3903	0.9	33	2	0.69448	33
3	1	36	1	0.8	5.5768	8	2.6	2.0857	0.9	28	2	0.63842	28
];

d2 = [3	2	1	2	0.8	1.5893	10	1.8	5.0967	0.8	22	2	0.58303	22
3	2	2	2	0.8	2.4479	10	2.2	5.2957	0.8	27	2	0.55833	27
3	2	3	2	0.8	2.9882	10	1	4.5621	0.8	12	2	0.45476	12
3	2	4	2	0.8	3.5488	10	1.4	5.6613	0.8	17	2	0.4767	17
3	2	5	2	0.8	1.8279	10	2.2	4.9561	0.8	27	2	0.66245	27
3	2	6	2	0.8	2.5865	10	1	5.4845	0.8	12	2	0.57436	12
3	2	7	2	0.8	1.7437	10	1.4	4.5782	0.8	17	2	0.5264	17
3	2	8	2	0.8	2.4365	10	1	4.7614	0.8	12	2	0.54126	12
3	2	9	2	0.8	3.8964	10	3	2.289	0.8	37	2	0.72546	37
3	2	10	2	0.8	1.8672	10	1	3.6809	0.8	12	2	0.47753	12
3	2	11	2	0.8	0.65679	10	2.6	2.4266	0.8	32	2	0.83999	0
3	2	12	2	0.8	1.8719	10	3	5.2569	0.8	37	2	0.67972	37
3	2	13	2	0.8	0.85939	10	1.4	2.5615	0.8	17	2	0.85399	0
3	2	14	2	0.8	4.6133	10	1.4	1.6182	0.8	17	2	0.71903	17
3	2	15	2	0.8	4.0283	10	1.4	5.657	0.8	17	2	0.51876	17
3	2	16	2	0.8	4.9154	10	3	1.6733	0.8	37	2	0.97383	0
3	2	17	2	0.8	1.3592	10	2.6	5.7791	0.8	32	2	0.66157	32
3	2	18	2	0.8	1.9588	10	2.2	5.5777	0.8	27	2	0.65729	27
3	2	19	2	0.8	0.63686	10	3	2.3295	0.8	37	2	0.66127	37
3	2	20	2	0.8	2.9929	10	1.8	1.1834	0.8	22	2	0.60316	22
3	2	21	2	0.8	3.1349	10	1.8	1.3211	0.8	22	2	0.58368	22
3	2	22	2	0.8	4.8246	10	2.2	2.2284	0.8	27	2	1.7271	0
3	2	23	2	0.8	3.1307	10	1.4	5.5639	0.8	17	2	0.54986	17
3	2	24	2	0.8	1.0415	10	2.2	3.0684	0.8	27	2	0.87775	0
3	2	25	2	0.8	3.9755	10	2.2	0.52905	0.8	27	2	0.54201	27
3	2	26	2	0.8	3.7774	10	3	1.9558	0.8	37	2	0.55761	37
3	2	27	2	0.8	4.0607	10	1	1.2171	0.8	12	2	0.66198	12
3	2	28	2	0.8	2.7164	10	1.8	4.7032	0.8	22	2	0.56443	22
3	2	29	2	0.8	1.9099	10	2.6	5.3144	0.8	32	2	0.63226	32
3	2	30	2	0.8	2.842	10	2.6	5.7473	0.8	32	2	0.67938	32
3	2	31	2	0.8	4.9373	10	2.6	2.738	0.8	32	2	0.61455	32
3	2	32	2	0.8	4.8603	10	1.8	1.0736	0.8	22	2	0.55059	22
3	2	33	2	0.8	1.9447	10	1	5.3822	0.8	12	2	0.391	12
3	2	34	2	0.8	5.3883	10	1.8	3.6147	0.8	22	2	0.54257	22
3	2	35	2	0.8	2.0534	10	3	0.39823	0.8	37	2	0.72686	37
3	2	36	2	0.8	0.71205	10	2.6	5.6215	0.8	32	2	0.59006	32
];

d3 = [3	3	1	3	0.8	2.4441	11	1.8	4.2782	0.7	25	2	0.51115	25
3	3	2	3	0.8	3.8981	11	2.2	0.77864	0.7	31	2	0.78249	0
3	3	3	3	0.8	4.6522	11	1	2.5057	0.7	14	2	0.32653	14
3	3	4	3	0.8	1.0814	11	1.4	2.9239	0.7	19	2	0.55744	19
3	3	5	3	0.8	3.4132	11	2.2	0.97333	0.7	31	2	0.61619	31
3	3	6	3	0.8	2.6532	11	1	5.0567	0.7	14	2	0.41513	14
3	3	7	3	0.8	5.3146	11	1.4	0.98878	0.7	19	2	0.47859	19
3	3	8	3	0.8	5.0441	11	1	2.077	0.7	14	2	0.68544	14
3	3	9	3	0.8	1.6581	11	3	4.5135	0.7	42	2	0.65223	42
3	3	10	3	0.8	0.44774	11	1	5.4244	0.7	14	2	0.40635	14
3	3	11	3	0.8	2.8913	11	2.6	0.76832	0.7	37	2	0.61443	37
3	3	12	3	0.8	4.4763	11	3	0.51749	0.7	42	2	0.6742	42
3	3	13	3	0.8	5.1007	11	1.4	2.9116	0.7	19	2	1.077	0
3	3	14	3	0.8	1.538	11	1.4	5.0542	0.7	19	2	0.4464	19
3	3	15	3	0.8	5.6357	11	1.4	3.4997	0.7	19	2	0.58966	19
3	3	16	3	0.8	4.332	11	3	0.61661	0.7	42	2	0.98057	0
3	3	17	3	0.8	3.9867	11	2.6	5.8189	0.7	37	2	0.65341	37
3	3	18	3	0.8	0.95642	11	2.2	4.1989	0.7	31	2	0.67016	31
3	3	19	3	0.8	1.2408	11	3	4.6438	0.7	42	2	0.71718	0
3	3	20	3	0.8	3.2874	11	1.8	0.48479	0.7	25	2	0.54955	25
3	3	21	3	0.8	1.0788	11	1.8	3.8416	0.7	25	2	0.71902	0
3	3	22	3	0.8	3.5961	11	2.2	5.8045	0.7	31	1	0.3429	11
3	3	23	3	0.8	2.2886	11	1.4	4.0418	0.7	19	2	0.36624	19
3	3	24	3	0.8	1.2636	11	2.2	3.7774	0.7	31	2	0.53408	31
3	3	25	3	0.8	2.4833	11	2.2	4.0583	0.7	31	2	0.55843	31
3	3	26	3	0.8	4.287	11	3	0.8227	0.7	42	2	0.60529	42
3	3	27	3	0.8	3.0753	11	1	4.798	0.7	14	2	0.34948	14
3	3	28	3	0.8	2.4354	11	1.8	0.41791	0.7	25	2	0.8381	0
3	3	29	3	0.8	5.1585	11	2.6	2.0712	0.7	37	2	0.65373	37
3	3	30	3	0.8	5.5546	11	2.6	3.008	0.7	37	2	0.76494	0
3	3	31	3	0.8	2.3715	11	2.6	0.76203	0.7	37	1	0.41481	11
3	3	32	3	0.8	3.5984	11	1.8	1.4511	0.7	25	2	0.4774	25
3	3	33	3	0.8	5.0759	11	1	2.3825	0.7	14	2	0.79133	0
3	3	34	3	0.8	4.3139	11	1.8	1.3073	0.7	25	2	0.54123	25
3	3	35	3	0.8	1.0939	11	3	3.7859	0.7	42	2	0.62321	42
3	3	36	3	0.8	3.4525	11	2.6	1.4201	0.7	37	2	0.52625	37
];

d4 = [3	4	1	4	0.8	4.9163	13	1.8	0.58982	0.6	29	2	0.40674	29
3	4	2	4	0.8	1.9148	13	2.2	4.6728	0.6	36	2	0.61474	0
3	4	3	4	0.8	4.9301	13	1	1.0814	0.6	16	2	0.35	16
3	4	4	4	0.8	5.5256	13	1.4	3.4632	0.6	23	2	0.50206	23
3	4	5	4	0.8	2.116	13	2.2	3.8964	0.6	36	2	0.50172	36
3	4	6	4	0.8	4.402	13	1	2.0429	0.6	16	2	0.35058	16
3	4	7	4	0.8	1.6637	13	1.4	5.1378	0.6	23	2	0.63025	0
3	4	8	4	0.8	2.7	13	1	4.2869	0.6	16	2	0.35664	16
3	4	9	4	0.8	4.2988	13	3	2.6647	0.6	49	2	0.94186	0
3	4	10	4	0.8	2.3603	13	1	0.48257	0.6	16	2	0.46094	16
3	4	11	4	0.8	1.4012	13	2.6	4.4472	0.6	43	2	0.59911	43
3	4	12	4	0.8	0.53652	13	3	2.506	0.6	49	2	0.5421	49
3	4	13	4	0.8	4.843	13	1.4	1.0794	0.6	23	2	0.55062	23
3	4	14	4	0.8	1.2239	13	1.4	4.8688	0.6	23	2	0.46273	23
3	4	15	4	0.8	4.3828	13	1.4	1.5149	0.6	23	2	0.45339	23
3	4	16	4	0.8	0.64165	13	3	3.676	0.6	49	2	0.57358	49
3	4	17	4	0.8	3.5545	13	2.6	0.63686	0.6	43	2	0.66388	0
3	4	18	4	0.8	4.8272	13	2.2	2.9929	0.6	36	2	0.50981	36
3	4	19	4	0.8	3.6739	13	3	5.4212	0.6	49	2	0.57374	49
3	4	20	4	0.8	4.0174	13	1.8	5.7766	0.6	29	2	0.89158	0
3	4	21	4	0.8	5.7941	13	1.8	1.2893	0.6	29	2	0.42322	29
3	4	22	4	0.8	3.0153	13	2.2	0.45538	0.6	36	2	0.55942	36
3	4	23	4	0.8	5.2317	13	1.4	3.0088	0.6	23	2	0.50234	23
3	4	24	4	0.8	4.9573	13	2.2	2.8207	0.6	36	2	0.53524	36
3	4	25	4	0.8	3.328	13	2.2	0.98161	0.6	36	2	0.49419	36
3	4	26	4	0.8	1.8761	13	3	3.849	0.6	49	2	0.58133	49
3	4	27	4	0.8	5.4675	13	1	2.4544	0.6	16	2	0.31685	16
3	4	28	4	0.8	4.4511	13	1.8	1.4979	0.6	29	2	0.46202	29
3	4	29	4	0.8	1.3727	13	2.6	5.1915	0.6	43	2	0.76433	0
3	4	30	4	0.8	3.1612	13	2.6	4.7646	0.6	43	2	0.5568	43
3	4	31	4	0.8	2.2061	13	2.6	0.5162	0.6	43	2	0.50269	43
3	4	32	4	0.8	2.8905	13	1.8	5.5546	0.6	29	2	0.50407	29
3	4	33	4	0.8	2.5045	13	1	5.3581	0.6	16	2	0.46307	16
3	4	34	4	0.8	1.8506	13	1.8	4.4636	0.6	29	2	1.6142	0
3	4	35	4	0.8	1.1443	13	3	4.3309	0.6	49	2	0.53323	49
3	4	36	4	0.8	4.4064	13	2.6	0.51566	0.6	43	2	0.61436	0
];

