% risk_exp2_subject_19

d1 = [19	1	1	1	0.8	5.834	8	2.6	3.103	0.9	28	2	1.4212	0
19	1	2	1	0.8	3.9336	8	1.4	0.50905	0.9	15	2	0.61491	15
19	1	3	1	0.8	3.3765	8	3	5.6178	0.9	33	1	0.52021	8
19	1	4	1	0.8	0.69031	8	3	5.7357	0.9	33	1	0.58229	8
19	1	5	1	0.8	5.0591	8	1	3.305	0.9	11	2	0.61394	11
19	1	6	1	0.8	1.8037	8	2.6	4.0234	0.9	28	2	0.73417	28
19	1	7	1	0.8	2.4692	8	2.2	0.67547	0.9	24	2	0.59828	24
19	1	8	1	0.8	0.65025	8	1.8	3.1774	0.9	20	2	0.58747	20
19	1	9	1	0.8	5.1511	8	2.6	1.2264	0.9	28	1	0.34195	8
19	1	10	1	0.8	2.8595	8	1.8	0.74314	0.9	20	2	0.60579	20
19	1	11	1	0.8	2.2192	8	2.6	4.5022	0.9	28	1	0.47066	8
19	1	12	1	0.8	2.4754	8	3	4.8794	0.9	33	2	0.6302	33
19	1	13	1	0.8	2.7632	8	2.2	1.013	0.9	24	2	0.55087	24
19	1	14	1	0.8	5.8432	8	1.8	2.7567	0.9	20	2	0.54276	20
19	1	15	1	0.8	4.6205	8	2.2	2.3094	0.9	24	2	0.64626	24
19	1	16	1	0.8	2.4485	8	2.2	5.0804	0.9	24	2	0.6377	24
19	1	17	1	0.8	1.1371	8	3	4.5802	0.9	33	2	0.83013	33
19	1	18	1	0.8	1.9425	8	1.4	3.8947	0.9	15	2	0.56548	15
19	1	19	1	0.8	0.59578	8	1.8	5.2269	0.9	20	2	0.61377	20
19	1	20	1	0.8	0.52718	8	1.8	4.8085	0.9	20	2	0.54912	20
19	1	21	1	0.8	4.3099	8	1.4	2.094	0.9	15	2	0.52733	15
19	1	22	1	0.8	1.2487	8	1.4	5.0967	0.9	15	2	0.51081	15
19	1	23	1	0.8	2.4793	8	2.6	0.90131	0.9	28	2	0.71153	28
19	1	24	1	0.8	5.0336	8	2.2	0.77415	0.9	24	2	0.60577	24
19	1	25	1	0.8	5.1267	8	1.8	2.0882	0.9	20	2	0.65348	20
19	1	26	1	0.8	3.2348	8	1.4	1.367	0.9	15	2	0.5624	15
19	1	27	1	0.8	4.7824	8	2.6	2.4016	0.9	28	2	0.6297	28
19	1	28	1	0.8	3.0104	8	1	5.8136	0.9	11	2	0.3332	11
19	1	29	1	0.8	3.8537	8	1.4	0.69812	0.9	15	2	0.77145	15
19	1	30	1	0.8	0.55143	8	3	5.2986	0.9	33	1	0.61341	8
19	1	31	1	0.8	2.9965	8	1	0.54226	0.9	11	2	0.37511	11
19	1	32	1	0.8	4.201	8	2.2	1.669	0.9	24	2	0.72701	24
19	1	33	1	0.8	5.0563	8	1	1.5693	0.9	11	2	0.38305	11
19	1	34	1	0.8	1.8606	8	1	3.4588	0.9	11	2	0.45339	11
19	1	35	1	0.8	1.3897	8	3	5.8322	0.9	33	2	0.78377	33
19	1	36	1	0.8	5.0081	8	1	0.55093	0.9	11	2	0.32557	11
];

d2 = [19	2	1	2	0.8	1.5581	10	2.6	3.6113	0.8	32	2	1.6703	0
19	2	2	2	0.8	0.86022	10	1.4	3.1914	0.8	17	2	0.51052	17
19	2	3	2	0.8	3.8698	10	3	5.6454	0.8	37	2	0.62986	37
19	2	4	2	0.8	5.0806	10	3	3.2916	0.8	37	2	0.93368	0
19	2	5	2	0.8	1.9106	10	1	4.1778	0.8	12	1	0.27038	10
19	2	6	2	0.8	3.6239	10	2.6	5.7613	0.8	32	2	1.4373	0
19	2	7	2	0.8	1.0232	10	2.2	5.4023	0.8	27	1	0.44529	10
19	2	8	2	0.8	3.2612	10	1.8	5.3273	0.8	22	2	0.50121	22
19	2	9	2	0.8	4.4511	10	2.6	2.3162	0.8	32	2	0.61435	32
19	2	10	2	0.8	2.1889	10	1.8	4.1707	0.8	22	2	0.61453	22
19	2	11	2	0.8	3.9734	10	2.6	1.3633	0.8	32	2	0.67902	32
19	2	12	2	0.8	4.1681	10	3	1.8506	0.8	37	2	0.5584	37
19	2	13	2	0.8	5.1807	10	2.2	1.9167	0.8	27	2	0.64644	27
19	2	14	2	0.8	0.56514	10	1.8	3.7451	0.8	22	2	1.134	0
19	2	15	2	0.8	1.8077	10	2.2	3.3849	0.8	27	2	0.55806	27
19	2	16	2	0.8	4.8012	10	2.2	2.4184	0.8	27	2	0.60659	27
19	2	17	2	0.8	1.0574	10	3	5.6042	0.8	37	2	0.93486	0
19	2	18	2	0.8	3.9726	10	1.4	2.0889	0.8	17	2	0.40621	17
19	2	19	2	0.8	2.864	10	1.8	5.5226	0.8	22	2	0.56377	22
19	2	20	2	0.8	0.43901	10	1.8	4.8787	0.8	22	2	0.66973	22
19	2	21	2	0.8	1.8966	10	1.4	5.5853	0.8	17	2	0.55938	17
19	2	22	2	0.8	5.6354	10	1.4	1.5633	0.8	17	2	0.47843	17
19	2	23	2	0.8	5.7537	10	2.6	2.1336	0.8	32	2	0.65505	32
19	2	24	2	0.8	5.6135	10	2.2	2.8896	0.8	27	2	0.63019	27
19	2	25	2	0.8	0.82387	10	1.8	3.7094	0.8	22	2	0.58197	22
19	2	26	2	0.8	2.6763	10	1.4	5.719	0.8	17	2	0.50199	17
19	2	27	2	0.8	4.4164	10	2.6	1.4282	0.8	32	2	0.57334	32
19	2	28	2	0.8	2.9615	10	1	5.7389	0.8	12	2	0.38121	12
19	2	29	2	0.8	2.6652	10	1.4	4.3252	0.8	17	2	0.54911	17
19	2	30	2	0.8	3.0064	10	3	0.67547	0.8	37	2	0.73349	37
19	2	31	2	0.8	4.6368	10	1	0.96266	0.8	12	2	0.69424	12
19	2	32	2	0.8	1.4867	10	2.2	5.8885	0.8	27	2	0.62214	27
19	2	33	2	0.8	3.0764	10	1	4.6642	0.8	12	2	0.51012	12
19	2	34	2	0.8	2.4765	10	1	0.70033	0.8	12	2	0.35851	12
19	2	35	2	0.8	2.5214	10	3	4.0948	0.8	37	2	0.5734	37
19	2	36	2	0.8	2.2747	10	1	5.8383	0.8	12	2	1.0866	0
];

d3 = [19	3	1	3	0.8	5.4811	11	2.6	0.5979	0.7	37	2	0.67848	37
19	3	2	3	0.8	3.0753	11	1.4	4.798	0.7	19	2	0.45369	19
19	3	3	3	0.8	3.1239	11	3	0.42298	0.7	42	2	0.72596	0
19	3	4	3	0.8	4.1707	11	3	1.6004	0.7	42	2	0.5425	42
19	3	5	3	0.8	2.4017	11	1	4.7005	0.7	14	2	0.40707	14
19	3	6	3	0.8	1.6768	11	2.6	3.8974	0.7	37	2	0.52575	37
19	3	7	3	0.8	5.4345	11	2.2	1.9167	0.7	31	2	0.5747	31
19	3	8	3	0.8	4.0927	11	1.8	1.8621	0.7	25	2	0.64454	25
19	3	9	3	0.8	1.6685	11	2.6	5.4918	0.7	37	2	0.73458	0
19	3	10	3	0.8	3.7159	11	1.8	1.096	0.7	25	2	0.49259	25
19	3	11	3	0.8	4.1911	11	2.6	0.87516	0.7	37	2	0.64625	37
19	3	12	3	0.8	5.0128	11	3	0.5031	0.7	42	2	0.70306	0
19	3	13	3	0.8	4.1054	11	2.2	2.453	0.7	31	2	1.1502	0
19	3	14	3	0.8	1.6957	11	1.8	4.2455	0.7	25	2	0.86215	0
19	3	15	3	0.8	0.54256	11	2.2	3.4209	0.7	31	2	0.55011	31
19	3	16	3	0.8	0.45815	11	2.2	4.5365	0.7	31	2	0.58139	31
19	3	17	3	0.8	5.514	11	3	3.1348	0.7	42	2	0.62969	42
19	3	18	3	0.8	2.9096	11	1.4	0.90689	0.7	19	2	0.4133	19
19	3	19	3	0.8	2.7005	11	1.8	0.50958	0.7	25	2	0.47716	25
19	3	20	3	0.8	4.8406	11	1.8	3.1124	0.7	25	2	0.56555	25
19	3	21	3	0.8	2.0863	11	1.4	5.3303	0.7	19	2	0.79039	0
19	3	22	3	0.8	4.6916	11	1.4	0.75482	0.7	19	2	0.68717	19
19	3	23	3	0.8	4.749	11	2.6	1.8139	0.7	37	2	0.72602	0
19	3	24	3	0.8	0.67547	11	2.2	3.6438	0.7	31	2	0.55009	31
19	3	25	3	0.8	2.6822	11	1.8	5.1155	0.7	25	2	0.51821	25
19	3	26	3	0.8	1.7046	11	1.4	4.4497	0.7	19	2	0.73343	0
19	3	27	3	0.8	5.5293	11	2.6	1.3166	0.7	37	2	0.4633	37
19	3	28	3	0.8	0.46505	11	1	2.8404	0.7	14	2	0.58123	14
19	3	29	3	0.8	3.2273	11	1.4	5.6454	0.7	19	2	0.50998	19
19	3	30	3	0.8	1.86	11	3	5.117	0.7	42	2	0.58885	42
19	3	31	3	0.8	1.7549	11	1	3.5653	0.7	14	2	0.36557	14
19	3	32	3	0.8	2.6719	11	2.2	4.9295	0.7	31	2	0.57437	31
19	3	33	3	0.8	5.0132	11	1	1.9013	0.7	14	2	0.33408	14
19	3	34	3	0.8	5.1915	11	1	1.7627	0.7	14	2	0.43798	14
19	3	35	3	0.8	5.4726	11	3	2.6944	0.7	42	2	0.95037	0
19	3	36	3	0.8	2.6788	11	1	5.2016	0.7	14	2	0.61381	14
];

d4 = [19	4	1	4	0.8	3.3832	13	2.6	5.3787	0.6	43	2	0.55101	43
19	4	2	4	0.8	2.3568	13	1.4	5.7395	0.6	23	2	0.54327	23
19	4	3	4	0.8	2.7359	13	3	0.63778	0.6	49	2	0.59834	49
19	4	4	4	0.8	4.9055	13	3	2.9571	0.6	49	1	0.3584	13
19	4	5	4	0.8	3.924	13	1	0.79857	0.6	16	2	0.63782	0
19	4	6	4	0.8	4.3325	13	2.6	0.68726	0.6	43	2	0.48556	43
19	4	7	4	0.8	3.4504	13	2.2	5.3522	0.6	36	2	0.59859	36
19	4	8	4	0.8	3.1105	13	1.8	0.90491	0.6	29	2	0.5503	29
19	4	9	4	0.8	2.8785	13	2.6	4.9154	0.6	43	2	0.67697	0
19	4	10	4	0.8	5.3726	13	1.8	2.1845	0.6	29	2	0.38891	29
19	4	11	4	0.8	4.1429	13	2.6	0.68433	0.6	43	2	0.65522	0
19	4	12	4	0.8	2.5687	13	3	0.61187	0.6	49	2	0.69415	0
19	4	13	4	0.8	3.8073	13	2.2	0.54432	0.6	36	1	0.28684	13
19	4	14	4	0.8	5.1062	13	1.8	3.3552	0.6	29	2	0.53335	29
19	4	15	4	0.8	1.8162	13	2.2	5.5947	0.6	36	2	0.60005	0
19	4	16	4	0.8	5.288	13	2.2	1.1818	0.6	36	2	0.48521	36
19	4	17	4	0.8	4.8574	13	3	3.0151	0.6	49	2	0.56531	49
19	4	18	4	0.8	3.693	13	1.4	1.8139	0.6	23	2	0.43792	23
19	4	19	4	0.8	1.1488	13	1.8	5.1155	0.6	29	2	0.53316	29
19	4	20	4	0.8	2.5244	13	1.8	0.57074	0.6	29	2	0.45392	29
19	4	21	4	0.8	0.64688	13	1.4	4.6376	0.6	23	2	0.53452	23
19	4	22	4	0.8	3.9889	13	1.4	0.48439	0.6	23	2	0.59083	23
19	4	23	4	0.8	5.1043	13	2.6	1.8887	0.6	43	2	0.61507	0
19	4	24	4	0.8	4.5168	13	2.2	0.61285	0.6	36	2	0.50193	36
19	4	25	4	0.8	5.8462	13	1.8	2.5612	0.6	29	2	0.52609	29
19	4	26	4	0.8	4.4511	13	1.4	1.4979	0.6	23	2	0.5663	23
19	4	27	4	0.8	2.2796	13	2.6	4.5735	0.6	43	2	0.59719	43
19	4	28	4	0.8	1.8107	13	1	3.7534	0.6	16	2	0.40555	16
19	4	29	4	0.8	3.454	13	1.4	1.3676	0.6	23	2	0.37328	23
19	4	30	4	0.8	4.4199	13	3	1.3769	0.6	49	1	0.34168	13
19	4	31	4	0.8	5.1624	13	1	0.51456	0.6	16	2	0.44702	16
19	4	32	4	0.8	1.9167	13	2.2	5.1937	0.6	36	2	0.51021	36
19	4	33	4	0.8	3.5599	13	1	5.1893	0.6	16	2	0.41423	16
19	4	34	4	0.8	0.94874	13	1	3.5657	0.6	16	2	0.39086	16
19	4	35	4	0.8	0.79685	13	3	2.7923	0.6	49	2	0.63763	0
19	4	36	4	0.8	3.9452	13	1	2.0894	0.6	16	2	0.73359	0
];

