% risk_exp2_subject_06

d1 = [6	1	1	1	0.8	2.6854	8	1.8	4.287	0.9	20	2	0.7868	20
6	1	2	1	0.8	5.6357	8	2.2	2.8918	0.9	24	2	0.74782	24
6	1	3	1	0.8	3.8664	8	2.6	5.5973	0.9	28	2	0.66192	28
6	1	4	1	0.8	1.37	8	1.4	3.8749	0.9	15	2	0.68558	15
6	1	5	1	0.8	1.961	8	1	5.781	0.9	11	2	0.50102	11
6	1	6	1	0.8	0.88673	8	3	5.0893	0.9	33	2	1.4619	0
6	1	7	1	0.8	1.3339	8	3	5.7349	0.9	33	2	1.0139	0
6	1	8	1	0.8	1.8103	8	2.6	5.5957	0.9	28	2	0.67786	28
6	1	9	1	0.8	2.6831	8	1	4.4607	0.9	11	2	0.62066	11
6	1	10	1	0.8	3.746	8	1.4	2.1019	0.9	15	2	0.70833	15
6	1	11	1	0.8	0.82727	8	1	4.9863	0.9	11	2	0.44634	11
6	1	12	1	0.8	2.5217	8	2.6	0.68273	0.9	28	2	0.92672	0
6	1	13	1	0.8	4.3895	8	2.6	2.2159	0.9	28	2	0.68279	28
6	1	14	1	0.8	3.1493	8	1.4	0.42388	0.9	15	2	0.75826	15
6	1	15	1	0.8	3.7675	8	1	0.45748	0.9	11	2	0.59846	11
6	1	16	1	0.8	2.2042	8	3	4.7301	0.9	33	2	0.7718	33
6	1	17	1	0.8	4.7614	8	3	1.249	0.9	33	2	0.69333	33
6	1	18	1	0.8	3.8578	8	2.2	1.7098	0.9	24	2	0.5419	24
6	1	19	1	0.8	2.1086	8	2.6	5.4057	0.9	28	2	0.81365	28
6	1	20	1	0.8	2.1724	8	2.2	4.2869	0.9	24	2	0.58977	24
6	1	21	1	0.8	2.8185	8	1.8	5.807	0.9	20	2	0.80605	20
6	1	22	1	0.8	3.6403	8	2.6	1.2142	0.9	28	2	0.60619	28
6	1	23	1	0.8	2.1212	8	1.4	4.0283	0.9	15	2	0.54233	15
6	1	24	1	0.8	3.7052	8	3	1.2088	0.9	33	2	0.63878	33
6	1	25	1	0.8	2.6753	8	3	4.5856	0.9	33	2	0.99849	0
6	1	26	1	0.8	1.5858	8	1.4	3.384	0.9	15	2	0.58166	15
6	1	27	1	0.8	3.7493	8	2.2	2.053	0.9	24	2	0.60949	24
6	1	28	1	0.8	1.2464	8	1.8	3.7839	0.9	20	2	0.66232	20
6	1	29	1	0.8	4.7886	8	1.4	2.1608	0.9	15	2	0.52485	15
6	1	30	1	0.8	5.4713	8	2.2	3.809	0.9	24	2	0.77467	24
6	1	31	1	0.8	2.6191	8	2.2	5.6631	0.9	24	2	0.72645	24
6	1	32	1	0.8	1.3586	8	1.8	5.5017	0.9	20	2	0.63816	20
6	1	33	1	0.8	1.5966	8	1	4.6625	0.9	11	2	0.43149	11
6	1	34	1	0.8	5.411	8	1.8	1.2685	0.9	20	2	0.52644	20
6	1	35	1	0.8	3.8276	8	1.8	5.8138	0.9	20	2	0.61417	20
6	1	36	1	0.8	2.0113	8	1	4.746	0.9	11	2	0.43011	11
];

d2 = [6	2	1	2	0.8	1.8168	10	1.8	3.984	0.8	22	2	0.83794	0
6	2	2	2	0.8	0.56384	10	2.2	4.0643	0.8	27	2	0.74996	27
6	2	3	2	0.8	3.5727	10	2.6	5.3002	0.8	32	2	0.65369	32
6	2	4	2	0.8	2.5802	10	1.4	0.96586	0.8	17	2	0.50157	17
6	2	5	2	0.8	2.1096	10	1	4.4116	0.8	12	2	0.59857	12
6	2	6	2	0.8	1.9144	10	3	4.4285	0.8	37	2	0.66112	37
6	2	7	2	0.8	5.0572	10	3	0.52244	0.8	37	2	0.64675	37
6	2	8	2	0.8	3.0817	10	2.6	0.95343	0.8	32	2	0.85235	0
6	2	9	2	0.8	1.571	10	1	4.2172	0.8	12	2	0.59706	12
6	2	10	2	0.8	4.0086	10	1.4	0.7013	0.8	17	2	0.62983	17
6	2	11	2	0.8	1.2605	10	1	3.0845	0.8	12	2	0.44614	12
6	2	12	2	0.8	4.6468	10	2.6	0.6578	0.8	32	2	0.62148	32
6	2	13	2	0.8	1.8134	10	2.6	5.823	0.8	32	2	0.65438	32
6	2	14	2	0.8	0.65594	10	1.4	4.4673	0.8	17	2	0.70579	17
6	2	15	2	0.8	3.098	10	1	5.1128	0.8	12	2	0.54424	12
6	2	16	2	0.8	4.8009	10	3	0.81986	0.8	37	2	0.58223	37
6	2	17	2	0.8	4.6522	10	3	1.5021	0.8	37	2	0.58949	37
6	2	18	2	0.8	1.3231	10	2.2	4.155	0.8	27	2	0.53321	27
6	2	19	2	0.8	5.4486	10	2.6	3.3642	0.8	32	2	0.55638	32
6	2	20	2	0.8	4.9463	10	2.2	0.75015	0.8	27	2	0.56532	27
6	2	21	2	0.8	3.6422	10	1.8	5.8856	0.8	22	2	0.84709	0
6	2	22	2	0.8	4.2445	10	2.6	2.3103	0.8	32	2	0.53432	32
6	2	23	2	0.8	4.7828	10	1.4	3.1152	0.8	17	2	0.8541	0
6	2	24	2	0.8	3.6239	10	3	5.4166	0.8	37	2	0.78341	37
6	2	25	2	0.8	4.6621	10	3	2.3596	0.8	37	2	0.51691	37
6	2	26	2	0.8	3.2129	10	1.4	1.3393	0.8	17	2	0.3504	17
6	2	27	2	0.8	0.62178	10	2.2	2.4348	0.8	27	2	1.006	0
6	2	28	2	0.8	5.8538	10	1.8	2.9239	0.8	22	2	0.55022	22
6	2	29	2	0.8	5.3787	10	1.4	3.799	0.8	17	2	0.58095	17
6	2	30	2	0.8	2.3695	10	2.2	4.6562	0.8	27	2	0.67848	27
6	2	31	2	0.8	4.9033	10	2.2	1.4461	0.8	27	2	0.53628	27
6	2	32	2	0.8	4.3678	10	1.8	0.4396	0.8	22	2	0.73575	22
6	2	33	2	0.8	5.2881	10	1	3.4287	0.8	12	2	0.69395	12
6	2	34	2	0.8	2.3396	10	1.8	3.9978	0.8	22	2	0.52627	22
6	2	35	2	0.8	0.45036	10	1.8	4.9542	0.8	22	2	0.53261	22
6	2	36	2	0.8	3.3206	10	1	5.8076	0.8	12	2	0.58889	12
];

d3 = [6	3	1	3	0.8	2.2804	11	1.8	4.2499	0.7	25	2	0.58285	25
6	3	2	3	0.8	4.6024	11	2.2	2.9714	0.7	31	2	0.52542	31
6	3	3	3	0.8	4.8928	11	2.6	2.6497	0.7	37	2	0.58964	37
6	3	4	3	0.8	1.3162	11	1.4	3.6839	0.7	19	2	0.44633	19
6	3	5	3	0.8	0.84004	11	1	3.5344	0.7	14	2	0.6778	14
6	3	6	3	0.8	0.47882	11	3	4.9095	0.7	42	2	0.69468	42
6	3	7	3	0.8	1.5626	11	3	5.3942	0.7	42	2	0.82331	0
6	3	8	3	0.8	4.8318	11	2.6	2.9091	0.7	37	2	0.54187	37
6	3	9	3	0.8	4.6927	11	1	1.5322	0.7	14	2	0.43689	14
6	3	10	3	0.8	5.7533	11	1.4	0.8721	0.7	19	2	0.57385	19
6	3	11	3	0.8	2.2699	11	1	5.8113	0.7	14	2	0.40722	14
6	3	12	3	0.8	0.81986	11	2.6	2.4392	0.7	37	2	0.93652	0
6	3	13	3	0.8	4.236	11	2.6	1.9437	0.7	37	2	0.87044	0
6	3	14	3	0.8	4.9925	11	1.4	2.5967	0.7	19	2	0.35042	19
6	3	15	3	0.8	4.2579	11	1	2.2463	0.7	14	2	0.55768	14
6	3	16	3	0.8	2.7625	11	3	1.0106	0.7	42	2	0.62243	42
6	3	17	3	0.8	1.3311	11	3	4.2845	0.7	42	2	0.71028	0
6	3	18	3	0.8	2.1318	11	2.2	4.6462	0.7	31	2	0.5095	31
6	3	19	3	0.8	1.1952	11	2.6	4.1299	0.7	37	2	0.92574	0
6	3	20	3	0.8	1.9558	11	2.2	4.5679	0.7	31	2	0.7645	0
6	3	21	3	0.8	5.5005	11	1.8	3.1229	0.7	25	2	0.48649	25
6	3	22	3	0.8	1.0481	11	2.6	4.4838	0.7	37	2	0.69452	37
6	3	23	3	0.8	4.3559	11	1.4	0.75824	0.7	19	2	0.56495	19
6	3	24	3	0.8	1.8495	11	3	4.2391	0.7	42	2	0.62992	42
6	3	25	3	0.8	0.47446	11	3	4.366	0.7	42	2	0.86198	0
6	3	26	3	0.8	3.7074	11	1.4	5.7621	0.7	19	2	0.74284	0
6	3	27	3	0.8	1.1942	11	2.2	4.2555	0.7	31	2	0.63703	31
6	3	28	3	0.8	2.2576	11	1.8	4.3214	0.7	25	2	0.46936	25
6	3	29	3	0.8	3.0588	11	1.4	0.63008	0.7	19	2	0.64617	19
6	3	30	3	0.8	3.2639	11	2.2	5.3617	0.7	31	2	0.6695	31
6	3	31	3	0.8	1.3203	11	2.2	3.7722	0.7	31	2	0.60649	31
6	3	32	3	0.8	5.148	11	1.8	2.5878	0.7	25	2	0.53459	25
6	3	33	3	0.8	2.4115	11	1	4.534	0.7	14	2	0.46261	14
6	3	34	3	0.8	2.7284	11	1.8	4.9172	0.7	25	2	0.51096	25
6	3	35	3	0.8	0.97333	11	1.8	2.9951	0.7	25	2	0.52656	25
6	3	36	3	0.8	3.9483	11	1	0.47294	0.7	14	2	0.40655	14
];

d4 = [6	4	1	4	0.8	4.3573	13	1.8	1.3935	0.6	29	1	0.81488	0
6	4	2	4	0.8	2.0065	13	2.2	4.7827	0.6	36	2	0.51037	36
6	4	3	4	0.8	2.8185	13	2.6	4.4736	0.6	43	2	0.8781	0
6	4	4	4	0.8	2.0657	13	1.4	4.0747	0.6	23	2	0.42242	23
6	4	5	4	0.8	2.7463	13	1	5.1547	0.6	16	2	0.47015	16
6	4	6	4	0.8	5.2555	13	3	2.2453	0.6	49	2	0.53363	49
6	4	7	4	0.8	1.9774	13	3	3.993	0.6	49	2	0.76601	0
6	4	8	4	0.8	0.76694	13	2.6	4.5069	0.6	43	2	0.59799	43
6	4	9	4	0.8	0.89854	13	1	2.6359	0.6	16	2	0.38209	16
6	4	10	4	0.8	2.4436	13	1.4	4.3017	0.6	23	2	0.60534	0
6	4	11	4	0.8	5.0758	13	1	1.378	0.6	16	2	0.71029	0
6	4	12	4	0.8	2.2708	13	2.6	4.6438	0.6	43	2	0.63015	0
6	4	13	4	0.8	2.7136	13	2.6	0.82146	0.6	43	2	0.59851	43
6	4	14	4	0.8	5.1733	13	1.4	0.46764	0.6	23	2	0.58066	23
6	4	15	4	0.8	3.2878	13	1	1.0001	0.6	16	2	0.46987	16
6	4	16	4	0.8	5.8326	13	3	3.966	0.6	49	2	0.70931	0
6	4	17	4	0.8	3.2038	13	3	5.3801	0.6	49	2	0.5981	49
6	4	18	4	0.8	5.6535	13	2.2	2.4485	0.6	36	2	0.54976	36
6	4	19	4	0.8	3.8728	13	2.6	1.8029	0.6	43	2	0.58939	43
6	4	20	4	0.8	1.3921	13	2.2	4.2381	0.6	36	2	0.5337	36
6	4	21	4	0.8	1.2667	13	1.8	5.4534	0.6	29	2	0.47118	29
6	4	22	4	0.8	2.1579	13	2.6	5.0728	0.6	43	2	0.7492	0
6	4	23	4	0.8	1.5561	13	1.4	4.2891	0.6	23	2	0.38251	23
6	4	24	4	0.8	3.269	13	3	1.0743	0.6	49	2	0.46923	49
6	4	25	4	0.8	2.8706	13	3	5.5925	0.6	49	2	0.59675	49
6	4	26	4	0.8	2.0148	13	1.4	4.3551	0.6	23	2	0.51686	23
6	4	27	4	0.8	4.0618	13	2.2	0.99395	0.6	36	2	0.58185	36
6	4	28	4	0.8	3.7583	13	1.8	0.86093	0.6	29	2	0.74904	0
6	4	29	4	0.8	1.0674	13	1.4	3.5724	0.6	23	2	0.50958	23
6	4	30	4	0.8	1.9105	13	2.2	3.5131	0.6	36	2	0.54201	36
6	4	31	4	0.8	2.9239	13	2.2	4.5326	0.6	36	2	0.8303	0
6	4	32	4	0.8	3.0899	13	1.8	5.1278	0.6	29	2	0.59198	29
6	4	33	4	0.8	4.6531	13	1	0.56148	0.6	16	2	0.63038	0
6	4	34	4	0.8	2.4665	13	1.8	4.4068	0.6	29	2	0.65446	0
6	4	35	4	0.8	3.7601	13	1.8	1.1248	0.6	29	2	0.4066	29
6	4	36	4	0.8	4.4323	13	1	1.7893	0.6	16	2	0.90252	0
];

